1,2,3,4,5,6,7,8,9,10,11,12,13,14
3.3714285714285714,1.4249260632447864,1.500518957846632,1.6025693655591233,6.070038486442304,0.9562501167133449,1.8441265838176228,1.646329250180534,1.1036562611869434,0.6992342750670703,0.805064327509654,0.7672678802087313,1.4402380755575497,1.043181945505467
1.4249260632447864,0.0,0.49,0.57,2.06821368410937,0.33,0.6216268977449415,0.5586143571373725,0.38,0.25,0.29,0.25,0.5196152422706632,0.33
1.500518957846632,0.49,0.0,0.58,3.110022066626211,0.52,0.9480928224599107,0.8273149339882605,0.55,0.35,0.41,0.41,0.7736493607140986,0.51
1.6025693655591233,0.57,0.58,0.0,2.2628526157892637,0.37,0.7110696168449331,0.6293250352560272,0.42,0.28,0.31,0.29,0.5831237718815221,0.39
6.070038486442301,2.06821368410937,3.110022066626211,2.2628526157892637,20.72941176470588,3.0218044213324444,6.454493768214636,4.706171271768132,2.9209842552824288,2.5429086325948655,2.3972795038559527,2.612922636796266,5.219366650781885,3.051210303097032
0.9562501167133449,0.33,0.52,0.37,3.0218044213324444,0.0,0.9972863179649062,0.7848885271170677,0.53,0.36,0.39,0.42,0.8256108849411649,0.48
1.8441265838176233,0.6216268977449415,0.9480928224599107,0.7110696168449331,6.454493768214635,0.9972863179649062,2.2159999999999997,1.5716519971036842,0.9391485505499116,1.180643892119889,0.7110696168449332,0.8541779674049196,2.1843626072609834,1.0241191336949036
1.646329250180534,0.5586143571373725,0.8273149339882605,0.6293250352560272,4.706171271768133,0.7848885271170677,1.5716519971036844,0.6699999999999999,0.7424621202458749,0.6363961030678927,0.5798275605729689,0.6081118318204308,1.2410748030101437,0.9050966799187807
1.1036562611869434,0.38,0.55,0.42,2.9209842552824288,0.53,0.9391485505499116,0.7424621202458749,0.0,0.35,0.38,0.36,0.7851963660978911,0.47
0.6992342750670703,0.25,0.35,0.28,2.5429086325948655,0.36,1.180643892119889,0.6363961030678927,0.35,0.0,0.24,0.32,0.8833459118601276,0.39
0.805064327509654,0.29,0.41,0.31,2.3972795038559527,0.39,0.7110696168449332,0.5798275605729689,0.38,0.24,0.0,0.27,0.6177647880328997,0.37
0.7672678802087313,0.25,0.41,0.29,2.612922636796266,0.42,0.8541779674049196,0.6081118318204308,0.36,0.32,0.27,0.0,0.6581793068761734,0.4
1.4402380755575495,0.5196152422706632,0.7736493607140986,0.5831237718815221,5.219366650781885,0.825610884941165,2.184362607260983,1.2410748030101437,0.7851963660978911,0.8833459118601277,0.6177647880328997,0.6581793068761734,1.4200000000000004,0.8198373822492687
1.0431819455054672,0.33,0.51,0.39,3.0512103030970334,0.48,1.0241191336949036,0.9050966799187807,0.47,0.39,0.37,0.4,0.8198373822492687,0.0
