1,2,3,4,5,6,7,8,9,10,11,12,13,14
23.017857142857146,2.420050545517002,2.6191601707417593,2.3291817232667804,2.982635459742656,2.893102943701995,5.100630563259521,4.2322571865208225,7.103243625274299,2.484193243575984,2.67031900181019,3.2552419264933277,2.1821880402149447,3.9818557231522083
2.420050545517002,0.0,0.51,0.52,0.36,0.31,0.5586143571373725,0.4879036790187178,0.8228730157199226,0.2,0.24041630560342614,0.28,0.21,0.24748737341529162
2.6191601707417593,0.51,0.0,0.51,0.37,0.35,0.6151828996322962,0.49497474683058323,0.8810107831349171,0.23,0.24041630560342614,0.38,0.27,0.3323401871576773
2.3291817232667804,0.52,0.51,0.0,0.35,0.24,0.5798275605729689,0.4879036790187178,0.7826237921249264,0.18,0.22627416997969518,0.3,0.23,0.26870057685088805
2.982635459742656,0.36,0.37,0.35,0.0,0.38,0.7071067811865475,0.7071067811865475,1.0554240853799006,0.3,0.282842712474619,0.45,0.33,0.3959797974644666
2.893102943701995,0.31,0.35,0.24,0.38,0.0,0.5727564927611034,0.5091168824543142,0.8944271909999159,0.28,0.22627416997969518,0.3,0.2,0.36062445840513924
5.1006305632595215,0.5586143571373725,0.6151828996322962,0.5798275605729689,0.7071067811865475,0.5727564927611034,0.6699999999999999,0.9799999999999998,1.6696826045689042,0.5374011537017761,0.5249999999999999,0.7283199846221439,0.5091168824543142,0.7499999999999999
4.232257186520821,0.4879036790187178,0.49497474683058323,0.4879036790187178,0.7071067811865475,0.5091168824543142,0.9799999999999999,0.7299999999999998,1.5463537758223371,0.40305086527633205,0.4049999999999999,0.5232590180780451,0.35355339059327373,0.62
7.103243625274303,0.8228730157199226,0.8810107831349171,0.7826237921249264,1.0554240853799006,0.8944271909999159,1.669682604568904,1.5463537758223374,2.868,0.7289581606649314,0.7368106948192323,0.9704535022349088,0.6484597134749389,1.0309025172148916
2.484193243575984,0.2,0.23,0.18,0.3,0.28,0.5374011537017761,0.40305086527633205,0.7289581606649314,0.0,0.2757716446627535,0.34,0.21,0.3959797974644666
2.6703190018101908,0.24041630560342614,0.24041630560342614,0.22627416997969518,0.282842712474619,0.22627416997969518,0.5249999999999999,0.40499999999999997,0.7368106948192322,0.2757716446627535,0.7099999999999999,0.33941125496954283,0.21213203435596426,0.5949999999999999
3.2552419264933277,0.28,0.38,0.3,0.45,0.3,0.7283199846221439,0.5232590180780451,0.9704535022349088,0.34,0.33941125496954283,0.0,0.74,0.5656854249492379
2.1821880402149447,0.21,0.27,0.23,0.33,0.2,0.5091168824543142,0.35355339059327373,0.648459713474939,0.21,0.21213203435596423,0.74,0.0,0.3323401871576773
3.981855723152209,0.24748737341529162,0.3323401871576773,0.26870057685088805,0.39597979746446654,0.36062445840513924,0.7499999999999999,0.6199999999999999,1.0309025172148916,0.39597979746446654,0.5949999999999999,0.565685424949238,0.3323401871576773,0.5699999999999998
