1,2,3,4,5,6,7,8,9,10,11,12,13,14
19.01391304347826,2.230796796623594,2.3900341092708826,2.686392441142226,2.978327514328922,5.380645703668455,9.243615989495932,2.932620507920904,3.9982638895444085,1.4788428202336181,4.645306888350491,3.007815905559901,2.533052806741132,2.581708652272249
2.230796796623594,0.0,0.5,0.36,0.37,0.7266819570256763,1.2000151514194994,0.42,0.35355339059327373,0.15,0.3175426480542942,0.32,0.21,0.24
2.3900341092708826,0.5,0.0,0.38,0.39,0.6736096792653741,1.1728791304075004,0.37,0.4384062043356594,0.16,0.3983716857408418,0.33,0.26,0.3
2.686392441142226,0.36,0.38,0.0,0.53,0.8777338244973056,1.5527834245754826,0.5,0.5303300858899106,0.17,0.5253887449625596,0.4,0.32,0.34
2.978327514328922,0.37,0.39,0.53,0.0,0.9063112048297761,1.6522821682861448,0.55,0.6081118318204308,0.18,0.5946707772653146,0.49,0.33,0.37
5.3806457036684545,0.7266819570256763,0.6736096792653741,0.8777338244973056,0.9063112048297761,3.5100000000000007,3.7604450494186157,1.204332456868396,0.9959292143521045,0.3306811152757291,1.0017346066809425,0.8858987903065829,0.6001249869818788,0.6654447134560968
9.24361598949593,1.2000151514194994,1.1728791304075004,1.5527834245754826,1.6522821682861448,3.7604450494186157,5.443636363636363,1.905551697731466,1.7589059099337863,0.5909622353724167,1.8086668453797008,1.474390474985264,1.0733803866968383,1.1457431093955017
2.932620507920904,0.42,0.37,0.5,0.55,1.204332456868396,1.905551697731466,0.0,0.5586143571373725,0.2,0.5831237718815221,0.49,0.35,0.37
3.998263889544408,0.35355339059327373,0.4384062043356594,0.5303300858899106,0.6081118318204308,0.9959292143521045,1.758905909933786,0.5586143571373725,0.6799999999999999,0.28991378028648446,1.0451156235874892,0.5798275605729689,0.5303300858899106,0.5444722215136416
1.4788428202336181,0.15,0.16,0.17,0.18,0.3306811152757291,0.5909622353724167,0.2,0.28991378028648446,0.0,0.39837168574084186,0.21,0.31,0.31
4.6453068883504915,0.3175426480542942,0.3983716857408418,0.5253887449625596,0.5946707772653146,1.0017346066809427,1.8086668453797008,0.5831237718815221,1.0451156235874894,0.39837168574084186,1.2600000000000002,0.6466323014923809,0.7216878364870323,0.6985938257194473
3.007815905559901,0.32,0.33,0.4,0.49,0.8858987903065829,1.474390474985264,0.49,0.5798275605729689,0.21,0.6466323014923809,0.0,0.45,0.44
2.533052806741133,0.21,0.26,0.32,0.33,0.6001249869818788,1.0733803866968386,0.35,0.5303300858899106,0.31,0.7216878364870323,0.45,0.0,0.7
2.581708652272249,0.24,0.3,0.34,0.37,0.6654447134560968,1.1457431093955017,0.37,0.5444722215136416,0.31,0.6985938257194473,0.44,0.7,0.0
