1,2,3,4,5,6,7,8,9,10,11,12,13,14
3.539999999999999,1.5458746946077393,1.3644517475633102,1.458942865815617,6.662617733664079,1.099876616456851,1.152791642678143,1.9115887184672935,0.6652174724962399,0.7269505780017942,0.8693182879212226,0.8012846827795617,0.8693182879212226,1.0734191033462053
1.5458746946077393,0.0,0.48,0.49,2.9907505898869418,0.52,0.53,0.8833459118601276,0.3,0.3606244584051392,0.39,0.38,0.38,0.46
1.3644517475633102,0.48,0.0,0.5,1.9848443950917851,0.31,0.34,0.5715767664977296,0.22,0.2545584412271571,0.26,0.24,0.25,0.33
1.458942865815617,0.49,0.5,0.0,2.080580775561565,0.34,0.38,0.6350852961085884,0.18,0.22627416997969518,0.25,0.24,0.27,0.36
6.662617733664079,2.9907505898869418,1.9848443950917851,2.080580775561565,23.14545454545455,2.9395114003397347,3.244249738173121,5.71418225014558,2.4729650955151716,2.667788324709167,3.04873177805878,2.78849063114797,3.306276125519739,3.2752629318464295
1.099876616456851,0.52,0.31,0.34,2.9395114003397347,0.0,0.51,0.825610884941165,0.29,0.33941125496954283,0.38,0.35,0.38,0.43
1.152791642678143,0.53,0.34,0.38,3.244249738173121,0.51,0.0,0.917986928011505,0.32,0.3040559159102154,0.41,0.41,0.44,0.53
1.9115887184672935,0.8833459118601276,0.5715767664977296,0.6350852961085884,5.71418225014558,0.825610884941165,0.917986928011505,1.4533333333333338,0.5773502691896258,0.59604250407724,0.715914333795136,0.6177647880328997,0.715914333795136,0.8544783984006462
0.6652174724962399,0.3,0.22,0.18,2.4729650955151716,0.29,0.32,0.5773502691896258,0.0,0.2757716446627535,0.36,0.31,0.43,0.34
0.7269505780017943,0.3606244584051392,0.2545584412271571,0.22627416997969518,2.6677883247091665,0.33941125496954283,0.3040559159102154,0.59604250407724,0.2757716446627535,0.7099999999999999,0.3464823227814083,0.2757716446627535,0.3676955262170047,0.3394112549695428
0.8693182879212226,0.39,0.26,0.25,3.04873177805878,0.38,0.41,0.715914333795136,0.36,0.3464823227814083,0.0,0.38,0.48,0.47
0.8012846827795617,0.38,0.24,0.24,2.78849063114797,0.35,0.41,0.6177647880328997,0.31,0.2757716446627535,0.38,0.0,0.35,0.4
0.8693182879212227,0.38,0.25,0.27,3.3062761255197395,0.38,0.44,0.715914333795136,0.43,0.3676955262170047,0.48,0.35,0.0,0.47
1.0734191033462053,0.46,0.33,0.36,3.275262931846431,0.43,0.53,0.8544783984006462,0.34,0.3394112549695428,0.47,0.4,0.47,0.0
