1,2,3,4,5,6,7,8,9,10,11,12,13,14
3.4857142857142853,6.083682474688353,1.4778410894660783,1.0620801691559283,0.8277421958902076,1.0049022695907157,1.4245024193932216,1.9370679241722897,1.141452708487866,0.6803360514166089,0.8730979326513149,0.4082016308499654,0.6047431568147635,0.4989131043721799
6.083682474688352,22.538490566037737,2.3763377563123202,3.2073691682018883,2.903802321875287,3.767617860083827,4.738903722441092,6.143451222605117,3.509562408889004,2.833748434261456,2.8255068004245327,1.6290962884314522,2.2032634457369724,2.3337559814882267
1.4778410894660783,2.3763377563123202,0.0,0.4,0.33,0.417193000900063,0.5727564927611034,0.79,0.46,0.27,0.33,0.14,0.27,0.18
1.0620801691559283,3.2073691682018883,0.4,0.0,0.41,0.5020458146424487,0.7071067811865475,1.06,0.62,0.36,0.47,0.17,0.33,0.3
0.8277421958902076,2.903802321875287,0.33,0.41,0.0,0.9545941546018392,0.5727564927611034,0.84,0.47,0.35,0.38,0.15,0.23,0.23
1.0049022695907157,3.7676178600838286,0.417193000900063,0.5020458146424487,0.9545941546018392,0.6599999999999999,0.7499999999999999,1.1349063838044087,0.6081118318204308,0.43133513652379396,0.5374011537017761,0.1979898987322333,0.29698484809834996,0.28991378028648446
1.4245024193932219,4.738903722441094,0.5727564927611034,0.7071067811865475,0.5727564927611034,0.7499999999999999,0.6999999999999998,1.357645019878171,0.7495331880577404,0.6151828996322963,0.5727564927611034,0.2757716446627535,0.5232590180780452,0.417193000900063
1.9370679241722897,6.143451222605117,0.79,1.06,0.84,1.1349063838044087,1.357645019878171,2.15,1.1150000000000002,0.685,0.945,0.36,0.5800000000000001,0.485
1.141452708487866,3.509562408889004,0.46,0.62,0.47,0.6081118318204308,0.7495331880577404,1.1150000000000002,0.0,0.41,0.51,0.2,0.33,0.29
0.6803360514166089,2.833748434261456,0.27,0.36,0.35,0.43133513652379396,0.6151828996322963,0.685,0.41,0.0,0.33,0.14,0.24,0.24
0.8730979326513149,2.8255068004245327,0.33,0.47,0.38,0.5374011537017761,0.5727564927611034,0.945,0.51,0.33,0.0,0.13,0.25,0.23
0.4082016308499654,1.6290962884314522,0.14,0.17,0.15,0.1979898987322333,0.2757716446627535,0.36,0.2,0.14,0.13,0.0,0.14,0.19
0.6047431568147634,2.203263445736972,0.27,0.33,0.23,0.2969848480983499,0.5232590180780452,0.5800000000000001,0.33,0.24,0.25,0.14,0.0,0.21
0.4989131043721799,2.3337559814882267,0.18,0.3,0.23,0.28991378028648446,0.417193000900063,0.485,0.29,0.24,0.23,0.19,0.21,0.0
