1,2,3,4,5,6,7,8,9,10,11,12,13,14
19.69956521739131,2.2057316640772613,2.1511781402999492,2.068610644853207,2.9326205079209045,2.757164580096576,10.839191470729283,2.6392110151726587,2.6333133369264625,2.4615126579437674,3.4059091871781235,2.5861319109568957,2.201308405392614,3.635448809085098
2.2057316640772613,0.0,0.52,0.51,0.33,0.36,1.3751769939560083,0.38,0.33,0.24041630560342614,0.3,0.2,0.16,0.3181980515339463
2.1511781402999492,0.52,0.0,0.49,0.32,0.35,1.1787231376765785,0.32,0.28,0.22627416997969518,0.29,0.2,0.16,0.31819805153394637
2.068610644853207,0.51,0.49,0.0,0.32,0.31,1.1762977814262152,0.31,0.28,0.2545584412271571,0.29,0.23,0.18,0.31819805153394637
2.9326205079209045,0.33,0.32,0.32,0.0,0.48,1.9572624940432073,0.51,0.43,0.2192031021678297,0.41,0.33,0.25,0.4454772721475249
2.757164580096576,0.36,0.35,0.31,0.48,0.0,1.7098761565061478,0.46,0.46,0.282842712474619,0.4,0.33,0.22,0.4666904755831213
10.839191470729286,1.3751769939560083,1.1787231376765785,1.1762977814262152,1.9572624940432073,1.7098761565061478,8.33764705882353,2.1052092253153702,1.7389804315105077,1.1919151667404366,1.6783465252514245,1.2514838251874785,0.9604410751438788,1.859044662944796
2.6392110151726587,0.38,0.32,0.31,0.51,0.46,2.1052092253153702,0.0,0.46,0.28991378028648446,0.37,0.27,0.21,0.417193000900063
2.6333133369264625,0.33,0.28,0.28,0.43,0.46,1.7389804315105077,0.46,0.0,0.22627416997969518,0.34,0.28,0.23,0.3747665940288702
2.461512657943767,0.24041630560342614,0.22627416997969518,0.2545584412271571,0.2192031021678297,0.282842712474619,1.1919151667404364,0.28991378028648446,0.22627416997969518,0.7099999999999999,0.7283199846221439,0.3464823227814083,0.3323401871576773,0.7599999999999999
3.4059091871781235,0.3,0.29,0.29,0.41,0.4,1.6783465252514245,0.37,0.34,0.7283199846221439,0.0,0.46,0.44,1.0606601717798212
2.5861319109568957,0.2,0.2,0.23,0.33,0.33,1.2514838251874785,0.27,0.28,0.3464823227814083,0.46,0.0,0.31,0.43133513652379396
2.201308405392614,0.16,0.16,0.18,0.25,0.22,0.9604410751438787,0.21,0.23,0.3323401871576773,0.44,0.31,0.0,0.44547727214752486
3.635448809085098,0.3181980515339463,0.3181980515339463,0.3181980515339463,0.44547727214752486,0.4666904755831214,1.8590446629447959,0.417193000900063,0.37476659402887014,0.7599999999999999,1.0606601717798212,0.43133513652379396,0.44547727214752486,0.6999999999999998
