1,2,3,4,5,6,7,8,9,10,11,12,13,14
14.587777777777777,2.1250000000000004,2.6533333333333338,2.663333333333333,2.381666666666667,8.249328322825912,6.885555555555555,4.381666666666666,2.01,1.251666666666667,6.383888888888889,2.1266666666666665,2.0783333333333327,2.61
2.1250000000000004,0.0,0.41,0.38,0.25,1.0941480704182591,0.7266666666666667,0.53,0.29,0.13,0.6799999999999999,0.2,0.21,0.36
2.6533333333333338,0.41,0.0,0.56,0.35,1.6791694375494095,1.2399999999999998,0.825,0.36,0.17,1.1199999999999999,0.38,0.37,0.49
2.663333333333333,0.38,0.56,0.0,0.38,1.6348975503070524,1.2599999999999998,0.83,0.4,0.18,1.0799999999999998,0.38,0.36,0.53
2.381666666666667,0.25,0.35,0.38,0.0,1.3123452289698776,1.0333333333333332,0.5599999999999999,0.3,0.15,0.8133333333333332,0.3,0.26,0.37
8.24932832282591,1.0941480704182591,1.6791694375494095,1.6348975503070524,1.3123452289698776,5.398000000000001,4.19739654759683,2.404912160558052,1.4135381140952654,0.6103195884124972,3.381528911273387,1.141582235320785,1.1289331246801113,1.5811388300841898
6.885555555555555,0.7266666666666667,1.2399999999999998,1.2599999999999998,1.0333333333333332,4.197396547596829,4.673333333333333,2.186666666666667,0.9466666666666667,0.5633333333333332,3.435555555555555,1.3066666666666664,1.12,1.3166666666666664
4.381666666666667,0.53,0.825,0.83,0.5599999999999999,2.4049121605580526,2.186666666666667,1.67,0.5549999999999999,0.375,2.4899999999999998,0.7899999999999999,0.73,0.8250000000000001
2.01,0.29,0.36,0.4,0.3,1.4135381140952654,0.9466666666666667,0.5549999999999999,0.0,0.13,0.8433333333333333,0.26,0.27,0.37
1.251666666666667,0.13,0.17,0.18,0.15,0.6103195884124972,0.5633333333333332,0.375,0.13,0.0,0.7533333333333333,0.23,0.28,0.18
6.383888888888888,0.6799999999999999,1.1199999999999999,1.0799999999999998,0.8133333333333332,3.3815289112733864,3.4355555555555553,2.49,0.8433333333333333,0.7533333333333333,4.83111111111111,1.8599999999999999,1.7433333333333332,1.1833333333333331
2.1266666666666665,0.2,0.38,0.38,0.3,1.141582235320785,1.3066666666666664,0.7899999999999999,0.26,0.23,1.8599999999999999,0.0,0.57,0.4
2.078333333333333,0.21,0.37,0.36,0.26,1.1289331246801115,1.1199999999999999,0.73,0.27,0.28,1.7433333333333332,0.57,0.0,0.37
2.6100000000000003,0.36,0.49,0.53,0.37,1.5811388300841895,1.3166666666666667,0.825,0.37,0.18,1.1833333333333336,0.4,0.37,0.0
