1,2,3,4,5,6,7,8,9,10,11,12,13,14
2.508,4.152134390888619,1.2924472909948783,1.2253652516698847,1.2164209797598855,0.7915680640349255,0.8810107831349171,0.9771437969920291,1.9780046764353212,3.5927726273054286,0.6887089370699352,0.5232399067349508,0.6609160309751912,0.42485291572496003
4.152134390888618,10.301052631578946,1.846796657658022,1.7733836228194422,1.5279087875779411,2.190920258463865,2.1656845277381027,2.6214981654731218,5.408462180499622,10.069901027247715,1.9064447484643683,1.374200245884665,2.0748119762624526,1.163137770723748
1.2924472909948783,1.846796657658022,0.0,0.54,0.48,0.36,0.36,0.4596194077712559,0.9263098833543773,1.6363299659835597,0.3,0.27,0.3323401871576773,0.18
1.2253652516698847,1.7733836228194422,0.54,0.0,0.47,0.33,0.33,0.4384062043356594,0.8626702730475879,1.6380707425431174,0.27,0.26,0.2969848480983499,0.19
1.2164209797598855,1.5279087875779411,0.48,0.47,0.0,0.32,0.31,0.3676955262170047,0.767210857587404,1.3943620242051402,0.25,0.17,0.24748737341529162,0.18
0.7915680640349255,2.190920258463865,0.36,0.33,0.32,0.0,0.46,0.7071067811865475,1.4177490962790276,2.2421202087093888,0.39,0.32,0.45254833995939037,0.25
0.8810107831349171,2.1656845277381027,0.36,0.33,0.31,0.46,0.0,0.5303300858899106,1.050053570062023,2.0976357542661592,0.37,0.26,0.42426406871192845,0.26
0.9771437969920291,2.6214981654731218,0.4596194077712559,0.4384062043356594,0.3676955262170047,0.7071067811865475,0.5303300858899106,0.7699999999999999,2.6949999999999994,2.6476979709654476,0.45254833995939037,0.31819805153394637,0.5249999999999999,0.31112698372208086
1.9780046764353212,5.4084621804996225,0.9263098833543773,0.8626702730475879,0.767210857587404,1.4177490962790276,1.050053570062023,2.6949999999999994,4.422499999999999,5.355710772510767,0.9404520189781082,0.618718433538229,1.0624999999999998,0.6045762979144981
3.5927726273054286,10.069901027247717,1.6363299659835597,1.6380707425431174,1.3943620242051402,2.2421202087093888,2.0976357542661592,2.6476979709654467,5.3557107725107675,14.601818181818185,1.6972571455680545,1.8191115047370428,3.5733459831300296,2.0471532340390066
0.6887089370699352,1.9064447484643683,0.3,0.27,0.25,0.39,0.37,0.45254833995939037,0.9404520189781082,1.6972571455680545,0.0,0.19,0.3676955262170047,0.2
0.5232399067349508,1.374200245884665,0.27,0.26,0.17,0.32,0.26,0.31819805153394637,0.618718433538229,1.8191115047370428,0.19,0.0,0.33234018715767727,0.21
0.6609160309751912,2.0748119762624526,0.3323401871576773,0.2969848480983499,0.24748737341529162,0.45254833995939037,0.42426406871192845,0.5249999999999999,1.0624999999999998,3.5733459831300287,0.3676955262170047,0.3323401871576773,0.5699999999999998,0.5303300858899106
0.42485291572496003,1.163137770723748,0.18,0.19,0.18,0.25,0.26,0.31112698372208086,0.604576297914498,2.047153234039007,0.2,0.21,0.5303300858899106,0.0
