1,2,3,4,5,6,7,8,9,10,11,12,13,14
20.657083333333347,2.566321946547887,2.2660998065692812,3.2028506183294487,3.1537758454483313,2.9257224891184284,3.214397623713242,9.841657026173657,2.3079577010855292,2.8925248486400257,1.3798671433632055,3.8477401376219085,2.3599192253125962,1.8547377397716729
2.566321946547887,0.0,0.47,0.39,0.33,0.33,0.4,1.0525,0.25,0.27,0.16,0.43133513652379396,0.29,0.26
2.2660998065692812,0.47,0.0,0.33,0.32,0.31,0.34,0.8850000000000002,0.22,0.27,0.16,0.38183766184073564,0.24,0.17
3.2028506183294487,0.39,0.33,0.0,0.52,0.5,0.51,1.5574999999999999,0.29,0.4,0.17,0.565685424949238,0.39,0.33
3.1537758454483313,0.33,0.32,0.52,0.0,0.46,0.51,1.4574999999999998,0.32,0.4,0.12,0.6222539674441617,0.42,0.32
2.9257224891184284,0.33,0.31,0.5,0.46,0.0,0.46,1.3824999999999998,0.29,0.38,0.2,0.5586143571373725,0.35,0.26
3.214397623713242,0.4,0.34,0.51,0.51,0.46,0.0,1.8825,0.36,0.53,0.21,0.7707463914933368,0.45,0.4
9.841657026173658,1.0525,0.8850000000000002,1.5574999999999999,1.4574999999999998,1.3824999999999998,1.8825,8.1525,1.1925000000000001,1.7725000000000004,0.9774999999999999,2.5208356749300416,1.7049999999999998,1.3775
2.3079577010855292,0.25,0.22,0.29,0.32,0.29,0.36,1.1925000000000001,0.0,0.44,0.16,0.4454772721475249,0.31,0.21
2.8925248486400257,0.27,0.27,0.4,0.4,0.38,0.53,1.7725000000000004,0.44,0.0,0.23,0.6363961030678927,0.36,0.3
1.3798671433632055,0.16,0.16,0.17,0.12,0.2,0.21,0.9774999999999999,0.16,0.23,0.0,0.28991378028648446,0.16,0.14
3.8477401376219103,0.43133513652379396,0.38183766184073564,0.565685424949238,0.6222539674441617,0.5586143571373725,0.7707463914933368,2.5208356749300425,0.4454772721475249,0.6363961030678927,0.28991378028648446,0.6599999999999999,0.551543289325507,0.5727564927611034
2.359919225312595,0.29,0.24,0.39,0.42,0.35,0.45,1.705,0.31,0.36,0.16,0.551543289325507,0.0,0.4
1.8547377397716727,0.26,0.17,0.33,0.32,0.26,0.4,1.3775,0.21,0.3,0.14,0.5727564927611034,0.4,0.0
