1,2,3,4,5,6,7,8,9,10,11,12,13,14
15.874054054054056,2.3509055184666097,2.638603746250985,9.853537352055271,6.905690979576583,2.71915925003061,3.1170047993095746,2.0610706349279155,2.405157184277378,2.1158149666199484,2.956177453255324,2.1125269868738408,3.5536903163985554,2.1273228957313233
2.3509055184666097,0.0,0.38,1.242150912284369,0.8803479425772516,0.42,0.43,0.2545584412271571,0.29,0.23,0.3252691193458118,0.19,0.47376154339498683,0.26
2.638603746250985,0.38,0.0,1.5320646925708532,1.1101576464628795,0.5,0.55,0.282842712474619,0.38,0.33,0.41012193308819755,0.26,0.551543289325507,0.33
9.853537352055271,1.242150912284369,1.5320646925708532,7.882222222222223,4.71,1.654629867976521,1.8809040379562165,1.52,1.6169175063132388,1.3788582233137678,2.086666666666667,1.4401408110166019,2.795,1.807836337233607
6.905690979576584,0.8803479425772516,1.1101576464628795,4.71,3.502499999999999,1.1631906550518705,1.3152186130069783,0.9874999999999999,1.332896282536642,1.212688129734929,1.4624999999999997,1.103086578651014,1.8399999999999999,1.1950104602052654
2.71915925003061,0.42,0.5,1.654629867976521,1.1631906550518705,0.0,0.57,0.28991378028648446,0.44,0.36,0.4454772721475249,0.27,0.6576093065034891,0.35
3.1170047993095746,0.43,0.55,1.8809040379562165,1.3152186130069783,0.57,0.0,0.35355339059327373,0.44,0.34,0.5091168824543142,0.34,0.7071067811865475,0.46
2.061070634927916,0.2545584412271571,0.282842712474619,1.52,0.9874999999999999,0.28991378028648446,0.35355339059327373,0.7099999999999999,0.3464823227814083,0.3464823227814083,0.565,0.417193000900063,0.4649999999999999,0.3040559159102154
2.405157184277378,0.29,0.38,1.6169175063132388,1.332896282536642,0.44,0.44,0.3464823227814083,0.0,0.47,0.4596194077712559,0.33,0.6222539674441617,0.39
2.1158149666199484,0.23,0.33,1.3788582233137678,1.212688129734929,0.36,0.34,0.3464823227814083,0.47,0.0,0.5161879502661796,0.37,0.4808326112068523,0.26
2.9561774532553247,0.3252691193458118,0.41012193308819755,2.086666666666667,1.4624999999999997,0.4454772721475249,0.5091168824543142,0.565,0.4596194077712559,0.5161879502661796,0.7499999999999999,0.7212489168102784,0.7049999999999998,0.4879036790187178
2.1125269868738408,0.19,0.26,1.4401408110166019,1.103086578651014,0.27,0.34,0.417193000900063,0.33,0.37,0.7212489168102784,0.0,0.5020458146424487,0.35
3.5536903163985554,0.47376154339498683,0.551543289325507,2.795,1.8399999999999999,0.6576093065034891,0.7071067811865475,0.46499999999999986,0.6222539674441617,0.4808326112068523,0.7049999999999998,0.5020458146424487,0.6899999999999998,0.8414570696119914
2.1273228957313233,0.26,0.33,1.8078363372336068,1.1950104602052654,0.35,0.46,0.3040559159102154,0.39,0.26,0.4879036790187178,0.35,0.8414570696119914,0.0
