1,2,3,4,5,6,7,8,9,10,11,12,13,14
22.659999999999997,3.517974882333197,2.6981478495778948,2.423074305692892,3.319760122769004,3.2698693329467234,2.773658234173778,3.2051461461502515,4.605599753659568,2.603759868833041,2.47701029468995,7.66583921753456,2.7628710363743663,2.0333867851891383
3.517974882333197,0.0,0.55,0.51,0.56,0.52,0.33,0.55,0.7216878364870323,0.41,0.37,1.0005560953789647,0.39,0.27
2.6981478495778948,0.55,0.0,0.51,0.4,0.36,0.28,0.42,0.5600297611139371,0.27,0.27,0.7353910524340094,0.27,0.18
2.423074305692892,0.51,0.51,0.0,0.41,0.3,0.21,0.38,0.47920072342738945,0.24,0.22,0.6116473657263636,0.23,0.18
3.319760122769004,0.56,0.4,0.41,0.0,0.52,0.36,0.55,0.7101408311032398,0.39,0.38,1.0394469683442247,0.39,0.3
3.2698693329467234,0.52,0.36,0.3,0.52,0.0,0.45,0.53,0.692820323027551,0.42,0.33,0.9828784258493011,0.37,0.25
2.773658234173778,0.33,0.28,0.21,0.36,0.45,0.0,0.35,0.4330127018922194,0.24,0.27,0.6894291116568838,0.26,0.2
3.2051461461502515,0.55,0.42,0.38,0.55,0.53,0.35,0.0,0.7101408311032398,0.36,0.36,0.9333809511662426,0.34,0.25
4.605599753659571,0.7216878364870323,0.5600297611139371,0.47920072342738945,0.7101408311032398,0.692820323027551,0.4330127018922194,0.7101408311032398,1.3000000000000005,0.825610884941165,0.8429313930168537,1.9534680698695845,0.7101408311032398,0.47342722073549315
2.603759868833041,0.41,0.27,0.24,0.39,0.42,0.24,0.36,0.825610884941165,0.0,0.37,1.1455129855222068,0.4,0.24
2.47701029468995,0.37,0.27,0.22,0.38,0.33,0.27,0.36,0.8429313930168537,0.37,0.0,1.1631906550518705,0.41,0.31
7.665839217534563,1.0005560953789647,0.7353910524340094,0.6116473657263636,1.0394469683442247,0.9828784258493011,0.6894291116568838,0.9333809511662426,1.9534680698695848,1.1455129855222068,1.1631906550518705,4.659999999999999,1.8526197667087543,1.2727922061357855
2.7628710363743663,0.39,0.27,0.23,0.39,0.37,0.26,0.34,0.7101408311032398,0.4,0.41,1.8526197667087543,0.0,0.47
2.0333867851891383,0.27,0.18,0.18,0.3,0.25,0.2,0.25,0.47342722073549315,0.24,0.31,1.2727922061357853,0.47,0.0
