1,2,3,4,5,6,7,8,9,10,11,12,13,14
20.425098039215683,3.738797122279921,3.499181416879566,4.019999024485297,3.0078016204921645,2.9251850955345127,3.4712943283054365,3.3620724817512517,3.0526105831810613,2.290858217469824,2.7025405621740592,6.807292267209076,4.924281640321014,5.0875889611788105
3.7387971222799226,0.7099999999999999,1.4099999999999997,0.7349999999999999,0.565685424949238,0.7071067811865475,0.6222539674441617,0.6010407640085653,0.5374011537017761,0.38183766184073564,0.5161879502661797,0.9728309205612247,0.7021870595978444,0.9308061022576077
3.4991814168795674,1.4099999999999997,0.7299999999999998,0.6549999999999999,0.5444722215136415,0.67175144212722,0.5868986283848344,0.565685424949238,0.5161879502661796,0.3606244584051392,0.48790367901871773,0.8873073231492488,0.6368673331236263,0.9144761706390532
4.019999024485297,0.7349999999999999,0.6549999999999999,0.7299999999999998,0.6576093065034891,0.6434671708797582,0.7283199846221439,0.7566042558696058,0.6788225099390855,0.40305086527633205,0.9545941546018392,1.1919851389294125,0.8899812732112214,1.004290794541103
3.0078016204921645,0.565685424949238,0.5444722215136415,0.6576093065034891,0.0,0.49,0.52,0.75,0.72,0.31,0.46,0.8126236169698384,0.5888972745734183,0.6754998149518622
2.9251850955345127,0.7071067811865475,0.67175144212722,0.6434671708797582,0.49,0.0,0.56,0.53,0.5,0.3,0.46,0.7710475249388234,0.5715767664977296,0.7216878364870323
3.4712943283054365,0.6222539674441617,0.5868986283848344,0.7283199846221439,0.52,0.56,0.0,0.6,0.58,0.37,0.51,1.0053854982045443,0.7101408311032398,0.8371578903249575
3.3620724817512517,0.6010407640085653,0.565685424949238,0.7566042558696058,0.75,0.53,0.6,0.0,0.7,0.36,0.52,0.944911182523068,0.715914333795136,0.7621023553303061
3.0526105831810613,0.5374011537017761,0.5161879502661796,0.6788225099390855,0.72,0.5,0.58,0.7,0.0,0.31,0.46,0.8466404195406689,0.6119912853410034,0.7101408311032398
2.290858217469824,0.38183766184073564,0.3606244584051392,0.40305086527633205,0.31,0.3,0.37,0.36,0.31,0.0,0.27,0.7408103670980852,0.5715767664977296,0.8025168741735799
2.7025405621740592,0.5161879502661797,0.48790367901871773,0.9545941546018392,0.46,0.46,0.51,0.52,0.46,0.27,0.0,0.7559289460184544,0.5888972745734183,0.692820323027551
6.807292267209073,0.9728309205612246,0.8873073231492489,1.1919851389294127,0.8126236169698384,0.7710475249388234,1.0053854982045443,0.944911182523068,0.8466404195406689,0.7408103670980852,0.7559289460184544,3.5342857142857134,2.8477434675797,1.667184681402982
4.924281640321015,0.7021870595978443,0.6368673331236263,0.8899812732112213,0.5888972745734183,0.5715767664977296,0.7101408311032398,0.715914333795136,0.6119912853410034,0.5715767664977296,0.5888972745734183,2.8477434675797006,1.3933333333333335,1.236666666666667
5.087588961178811,0.9308061022576077,0.9144761706390532,1.004290794541103,0.6754998149518622,0.7216878364870323,0.8371578903249575,0.7621023553303061,0.7101408311032398,0.8025168741735799,0.6928203230275509,1.6671846814029818,1.236666666666667,1.3400000000000003
