1,2,3,4,5,6,7,8,9,10,11,12,13,14
12.301600000000004,2.182000000000001,1.9760000000000006,2.0980000000000008,2.2520000000000002,7.204312067341086,1.7420000000000007,8.85894339562888,1.56694862710939,3.1960000000000015,3.6442348991249194,2.150000000000001,2.353251367788831,1.3920000000000008
2.182000000000001,0.0,0.53,0.54,0.6,1.1487582228412794,0.28,1.39496143004183,0.24041630560342614,0.5,0.5196152422706632,0.29,0.3323401871576773,0.21
1.9760000000000006,0.53,0.0,0.47,0.63,0.9497607354199554,0.23,1.1551698538761943,0.22627416997969518,0.39,0.4387862045841156,0.25,0.31819805153394637,0.16
2.0980000000000008,0.54,0.47,0.0,0.55,1.0733803866968386,0.26,1.3761951327766935,0.2545584412271571,0.44999999999999996,0.5311622476544559,0.33,0.3959797974644666,0.21
2.2520000000000002,0.6,0.63,0.55,0.0,1.0733803866968386,0.24,1.4199831597286792,0.26162950903902255,0.485,0.5773502691896258,0.34,0.3889087296526011,0.22
7.204312067341084,1.1487582228412794,0.9497607354199554,1.0733803866968386,1.0733803866968386,5.674545454545455,1.9568086263096858,5.828627761405569,0.9316871304740175,2.0743980506950135,2.5833124143825565,1.4201184329612666,1.496669028816385,0.9075491471790683
1.7420000000000007,0.28,0.23,0.26,0.24,1.9568086263096858,0.0,1.3782802769172644,0.19091883092036782,0.47,0.6697263122599659,0.36,0.33234018715767727,0.2
8.858943395628879,1.39496143004183,1.1551698538761943,1.3761951327766935,1.4199831597286792,5.828627761405567,1.3782802769172644,10.327826086956525,1.9049500735212708,4.483059902227107,3.6633415093999577,2.1185064468198798,2.7291506084271457,2.0851441405707476
1.566948627109389,0.24041630560342614,0.22627416997969518,0.2545584412271571,0.26162950903902255,0.9316871304740176,0.19091883092036782,1.904950073521271,0.7099999999999999,0.8838834764831844,0.59604250407724,0.35355339059327373,0.7599999999999999,0.3676955262170047
3.196000000000001,0.5,0.39,0.44999999999999996,0.485,2.0743980506950135,0.47,4.483059902227107,0.8838834764831844,1.92,1.362546635287517,0.8049999999999999,1.1631906550518705,1.25
3.644234899124918,0.5196152422706632,0.4387862045841156,0.5311622476544559,0.5773502691896258,2.583312414382556,0.6697263122599659,3.6633415093999573,0.59604250407724,1.3625466352875168,1.4600000000000004,1.1431535329954592,1.0124557603503803,0.5946707772653147
2.150000000000001,0.29,0.25,0.33,0.34,1.4201184329612666,0.36,2.1185064468198798,0.35355339059327373,0.8049999999999999,1.1431535329954592,0.0,0.6293250352560272,0.36
2.3532513677888303,0.3323401871576773,0.3181980515339463,0.39597979746446654,0.3889087296526011,1.4966690288163853,0.3323401871576773,2.7291506084271457,0.7599999999999999,1.1631906550518707,1.0124557603503803,0.6293250352560272,0.6999999999999998,0.6222539674441618
1.3920000000000003,0.21,0.16,0.21,0.22,0.9075491471790684,0.2,2.0851441405707476,0.36769552621700463,1.25,0.5946707772653146,0.36,0.6222539674441618,0.0
