1,2,3,4,5,6,7,8,9,10,11,12,13,14
10.059999999999999,1.967739820199815,1.9028938488523208,1.7955625859323312,8.843365515252867,2.1130842387373012,1.6144410797548483,3.5386157839848438,7.166034235661079,1.3751818061623713,1.813451129752329,1.4802770011048607,1.9163102567173196,2.153511086574666
1.967739820199815,0.0,0.52,0.51,1.4753489571808236,0.35,0.28,0.5888972745734184,1.0234419052068042,0.21,0.25,0.19,0.32,0.3181980515339463
1.9028938488523208,0.52,0.0,0.49,1.300524369769223,0.37,0.24,0.5138417395787671,1.0190775474020843,0.19,0.26,0.21,0.25,0.31819805153394637
1.7955625859323312,0.51,0.49,0.0,1.2898643339514426,0.31,0.26,0.5022947341949745,1.0387171575233238,0.17,0.26,0.2,0.25,0.31819805153394637
8.843365515252865,1.4753489571808236,1.300524369769223,1.2898643339514426,10.266363636363632,1.8591102466209222,2.2556635790423574,3.3025447029754966,7.550879367383589,1.2173760903905353,1.7418498526253368,1.5712892795408484,2.306831750967704,2.2613350843332265
2.1130842387373012,0.35,0.37,0.31,1.8591102466209222,0.0,0.3,0.7505553499465136,1.575533167503865,0.26,0.39,0.35,0.43,0.4808326112068523
1.6144410797548483,0.28,0.24,0.26,2.2556635790423574,0.3,0.0,0.6408587988004847,1.2722103000758358,0.2,0.29,0.26,0.35,0.38183766184073564
3.538615783984844,0.5888972745734184,0.5138417395787671,0.5022947341949745,3.3025447029754975,0.7505553499465136,0.6408587988004847,1.3866666666666672,2.562599127002561,0.43301270189221935,0.6408587988004847,0.5427092530382484,0.6985938257194473,0.7307644399303148
7.166034235661079,1.0234419052068042,1.0190775474020843,1.0387171575233238,7.55087936738359,1.575533167503865,1.2722103000758358,2.562599127002561,9.874285714285715,1.4947925481165478,2.1603571133363246,2.3392957833298382,1.8352124568846961,2.743513562325994
1.3751818061623713,0.21,0.19,0.17,1.2173760903905353,0.26,0.2,0.43301270189221935,1.4947925481165478,0.0,0.51,0.23,0.25,0.3394112549695428
1.813451129752329,0.25,0.26,0.26,1.7418498526253368,0.39,0.29,0.6408587988004847,2.1603571133363246,0.51,0.0,0.38,0.38,0.48790367901871773
1.4802770011048607,0.19,0.21,0.2,1.5712892795408484,0.35,0.26,0.5427092530382484,2.3392957833298382,0.23,0.38,0.0,0.4,0.6434671708797581
1.9163102567173198,0.32,0.25,0.25,2.3068317509677048,0.43,0.35,0.6985938257194472,1.8352124568846961,0.25,0.38,0.4,0.0,0.6293250352560272
2.153511086574666,0.3181980515339463,0.3181980515339463,0.3181980515339463,2.261335084333227,0.4808326112068523,0.38183766184073564,0.7307644399303148,2.743513562325994,0.3394112549695428,0.48790367901871773,0.6434671708797581,0.6293250352560272,0.6999999999999998
