1,2,3,4,5,6,7,8,9,10,11,12,13,14
2.953333333333334,1.3635492901493027,5.842124301330919,1.3880441875771343,1.0002083116364644,0.9716309313039941,0.7062695425024831,1.3293607486307097,1.2903778516388136,0.6327848502189879,0.8083316151184489,0.8838834764831847,0.7794228634059949,0.4735680169380812
1.3635492901493027,0.0,2.243098009282092,0.51,0.36,0.37,0.31,0.5311622476544557,0.5303300858899106,0.25,0.33,0.2829016319029167,0.2757716446627535,0.16
5.842124301330918,2.243098009282092,22.0633962264151,2.449138855205126,3.234841280991627,3.2540717599444444,2.857099730132732,5.652871702998933,4.550474265143782,2.7554529128107026,2.8474844906563233,4.705175058065749,4.021123470159074,2.1840329667841556
1.3880441875771343,0.51,2.449138855205126,0.0,0.4,0.42,0.35,0.5311622476544557,0.5586143571373725,0.27,0.33,0.3868246803570493,0.35355339059327373,0.18
1.0002083116364644,0.36,3.234841280991627,0.4,0.0,0.56,0.37,0.7967433714816837,0.7848885271170677,0.36,0.47,0.5831237718815221,0.5161879502661797,0.3
0.9716309313039941,0.37,3.2540717599444444,0.42,0.56,0.0,0.38,0.8025168741735799,0.714177848998413,0.34,0.47,0.5888972745734183,0.5020458146424487,0.26
0.7062695425024831,0.31,2.857099730132732,0.35,0.37,0.38,0.0,0.692820323027551,0.5868986283848343,0.34,0.37,0.39837168574084186,0.3676955262170047,0.18
1.3293607486307097,0.5311622476544557,5.652871702998934,0.5311622476544557,0.7967433714816837,0.8025168741735799,0.692820323027551,1.226666666666667,1.1553426620127325,0.8313843876330612,0.7621023553303061,1.1400000000000003,0.9144761706390532,0.5080682368868707
1.2903778516388136,0.5303300858899106,4.550474265143783,0.5586143571373725,0.7848885271170677,0.714177848998413,0.5868986283848343,1.1553426620127325,0.7399999999999999,0.5303300858899106,0.6858935777509511,0.7389294057395921,0.6599999999999998,0.3394112549695428
0.6327848502189879,0.25,2.7554529128107026,0.27,0.36,0.34,0.34,0.8313843876330612,0.5303300858899106,0.0,0.33,0.5946707772653146,0.4666904755831214,0.24
0.8083316151184489,0.33,2.8474844906563233,0.33,0.47,0.47,0.37,0.7621023553303061,0.6858935777509511,0.33,0.0,0.4676537180435969,0.4454772721475249,0.23
0.8838834764831847,0.2829016319029167,4.705175058065748,0.3868246803570493,0.5831237718815221,0.5888972745734183,0.39837168574084186,1.1400000000000003,0.7389294057395921,0.5946707772653146,0.4676537180435969,1.2400000000000004,1.5758384011905113,0.7678758580222024
0.7794228634059948,0.2757716446627535,4.021123470159074,0.35355339059327373,0.5161879502661797,0.5020458146424487,0.3676955262170047,0.9144761706390532,0.6599999999999998,0.4666904755831214,0.44547727214752486,1.5758384011905116,0.6199999999999999,0.6010407640085653
0.4735680169380812,0.16,2.1840329667841556,0.18,0.3,0.26,0.18,0.5080682368868707,0.3394112549695428,0.24,0.23,0.7678758580222025,0.6010407640085653,0.0
