1,2,3,4,5,6,7,8,9,10,11,12,13,14
16.171219512195115,2.145827488349447,2.7736460111416443,7.212022728774136,2.547194056403166,8.786770589834129,2.631527887823012,4.0782362579440825,3.0734996339677676,2.366032492612382,3.536017464916585,2.4300637349867102,2.487848026885495,2.155197914062764
2.145827488349447,0.0,0.36,1.085440840479949,0.35,0.9353074360871938,0.38,0.551543289325507,0.44,0.33,0.3464823227814082,0.27,0.29,0.24
2.7736460111416443,0.36,0.0,1.383937071611935,0.5,1.4520359270119092,0.55,0.8061017305526641,0.62,0.47,0.5586143571373725,0.39,0.45,0.4
7.212022728774137,1.085440840479949,1.383937071611935,6.227272727272727,1.2603174203350518,4.360645281690232,1.3899672985034903,2.142667199373885,1.5557985380212602,1.3356952564794928,1.5393091720875074,1.2000151514194992,1.4231335464070443,1.2452418531061638
2.547194056403166,0.35,0.5,1.2603174203350518,0.0,1.2990381056766584,0.49,0.685893577750951,0.54,0.41,0.5303300858899106,0.38,0.42,0.33
8.78677058983413,0.9353074360871938,1.4520359270119092,4.360645281690232,1.2990381056766584,5.671666666666669,1.3943009000929463,2.1575922151015163,1.7060700454553441,1.287491100292866,1.8554884801582576,1.541525218736301,1.9918584287042096,1.786899083141892
2.631527887823012,0.38,0.55,1.3899672985034903,0.49,1.3943009000929463,0.0,0.714177848998413,0.56,0.42,0.5727564927611034,0.44,0.43,0.35
4.078236257944082,0.551543289325507,0.8061017305526641,2.142667199373885,0.685893577750951,2.1575922151015163,0.714177848998413,0.7499999999999999,0.8273149339882605,0.7071067811865475,0.7749999999999999,0.6151828996322963,0.6576093065034891,0.565685424949238
3.0734996339677676,0.44,0.62,1.5557985380212602,0.54,1.7060700454553441,0.56,0.8273149339882605,0.0,0.5,0.5727564927611034,0.48,0.54,0.44
2.366032492612382,0.33,0.47,1.3356952564794928,0.41,1.287491100292866,0.42,0.7071067811865475,0.5,0.0,0.4525483399593904,0.35,0.43,0.38
3.5360174649165863,0.3464823227814082,0.5586143571373725,1.539309172087507,0.5303300858899106,1.8554884801582574,0.5727564927611034,0.7749999999999999,0.5727564927611034,0.4525483399593904,0.6699999999999999,0.7990306627407986,0.49497474683058323,0.40305086527633205
2.4300637349867102,0.27,0.39,1.2000151514194992,0.38,1.541525218736301,0.44,0.6151828996322963,0.48,0.35,0.7990306627407986,0.0,0.44,0.39
2.487848026885495,0.29,0.45,1.4231335464070445,0.42,1.9918584287042091,0.43,0.6576093065034891,0.54,0.43,0.49497474683058323,0.44,0.0,0.68
2.1551979140627635,0.24,0.4,1.2452418531061638,0.33,1.786899083141892,0.35,0.565685424949238,0.44,0.38,0.40305086527633205,0.39,0.68,0.0
