1,2,3,4,5,6,7,8,9,10,11,12,13,14,15,16,17,18,19,20
69.22935064935064,0.00033364240464065273,0.0,0.06324811993509906,0.0,0.49870129870129876,0.0009772038812426304,0.0,0.10046103762115978,0.7069690962342718,0.8892622996407963,0.0036495532467185968,0.49696118875145756,0.05346545135869772,0.0,0.004886019406213151,0.12850792082313725,0.0135910001366818,0.00793519600858154,0.0
0.00033364240464065273,81.22895238095239,0.0,0.00024397501823713333,0.0,0.0018906402929636987,0.0006694619270045785,0.0,0.0019138975058773822,0.0018311675519117863,0.0,0.0005952934636485437,0.0,0.0,0.0,0.0,0.0,1.3847271586956422,0.275039600979172,0.0
0.0,0.0,79.54500000000002,0.0,0.0,0.0,0.0,0.0,0.0,0.0,0.06506042984620203,0.0,0.0,0.0,0.0,0.0,0.0,0.9166291671664909,22.04631579990507,0.0
0.06324811993509906,0.00024397501823713333,0.0,8.818750000000001,0.0,0.005128225940683707,0.0008574929257125441,0.0,0.19170352209757488,0.013351224975010097,0.0,0.005718696387472674,0.0,0.0,17.36571428571429,0.0,0.012814232144554953,0.011094003924504584,0.0017407765595569785,6.92384648392631
0.0,0.0,0.0,0.0,85.96674157303373,0.0,0.0,0.0,0.0,0.0,0.002057933612132492,0.0,0.0,0.4973058829153521,0.0,0.0,0.0,0.007643753416492113,0.0,0.0
0.4987012987012987,0.001890640292963699,0.0,0.005128225940683707,0.0,74.71948051948053,0.004886019406213151,0.0,0.01776785871164005,0.06579516949597691,0.0,0.2234916892990532,0.0,0.0,0.0,0.0,0.0,1.2396256403736285,0.013886593015017698,0.0
0.0009772038812426301,0.0006694619270045785,0.0,0.0008574929257125441,0.0,0.00488601940621315,31.056470588235282,0.0,1.0974656634049837,0.012624381172952597,0.008561726894780892,0.001569197342897824,0.0,0.0,0.0,0.0023529411764705876,0.0,0.0,0.25764063878244853,0.0
0.0,0.0,0.0,0.0,0.0,0.0,0.0,26.000000000000007,0.0,0.0,0.0,0.0,0.0,0.0,0.0,0.0,0.17233687939614087,0.02882306768491569,0.0,0.0
0.1004610376211598,0.0019138975058773822,0.0,0.19170352209757494,0.0,0.01776785871164005,1.0974656634049837,0.0,85.3367307692308,0.10346181399496245,0.15610742015426085,0.33825303587561456,0.019196806237680455,0.005520560535739333,0.5141044399693824,0.13722524997524774,0.01744371568167794,0.0005439282932204213,1.8314101032266004,0.0
0.7069690962342718,0.0018311675519117865,0.0,0.013351224975010095,0.0,0.0657951694959769,0.012624381172952597,0.0,0.10346181399496245,44.52375000000002,0.0010008009612817949,0.012546425415140141,0.00025923792368260637,0.0,0.0,0.0024753688574416857,0.0,0.0,0.5927210515491205,0.005473987486932374
0.8892622996407965,0.0,0.06506042984620203,0.0,0.002057933612132492,0.0,0.008561726894780894,0.0,0.15610742015426088,0.0010008009612817947,47.8123076923077,0.0,0.0012453387034667947,1.3795702702054664,0.0,0.008561726894780894,1.71471424151954,0.17500000000000002,0.5156352589570659,0.0
0.0036495532467185968,0.0005952934636485437,0.0,0.005718696387472676,0.0,0.22349168929905305,0.0015691973428978243,0.0,0.3382530358756146,0.01254642541514014,0.0,39.105581395348835,0.0,0.05278492906215815,0.0,0.0,0.0,0.005075459213253763,0.00504385279541804,0.0
0.4969611887514575,0.0,0.0,0.0,0.0,0.0,0.0,0.0,0.019196806237680455,0.00025923792368260637,0.001245338703466795,0.0,29.922580645161297,0.0,0.0,0.0018481233109010923,0.0,0.0,0.0018759161984421677,0.0
0.05346545135869772,0.0,0.0,0.0,0.4973058829153522,0.0,0.0,0.0,0.005520560535739333,0.0,1.3795702702054664,0.05278492906215815,0.0,19.93826086956522,0.0,0.0,0.12699631191931018,0.16308481081447976,0.009437402112328162,0.0
0.0,0.0,0.0,17.365714285714287,0.0,0.0,0.0,0.0,0.5141044399693826,0.0,0.0,0.0,0.0,0.0,47.86285714285714,0.0,0.0,0.0,0.0,0.0
0.004886019406213152,0.0,0.0,0.0,0.0,0.0,0.0023529411764705876,0.0,0.13722524997524774,0.0024753688574416857,0.008561726894780892,0.0,0.0018481233109010923,0.0,0.0,32.526470588235284,0.0,0.0,0.014628495133650037,0.0
0.12850792082313725,0.0,0.0,0.012814232144554953,0.0,0.0,0.0,0.17233687939614087,0.01744371568167794,0.0,1.7147142415195393,0.0,0.0,0.12699631191931018,0.0,0.0,9.570909090909092,1.168230087979906,0.005248638810814781,0.029466566307947348
0.013591000136681802,1.3847271586956418,0.9166291671664909,0.011094003924504584,0.007643753416492113,1.2396256403736283,0.0,0.02882306768491569,0.0005439282932204213,0.0,0.17500000000000004,0.005075459213253764,0.0,0.16308481081447976,0.0,0.0,1.168230087979906,8.155384615384616,0.0014484136487558027,0.039241999612042645
0.007935196008581542,0.27503960097917196,22.04631579990506,0.0017407765595569785,0.0,0.013886593015017698,0.2576406387824486,0.0,1.8314101032266001,0.5927210515491204,0.5156352589570659,0.005043852795418039,0.0018759161984421677,0.009437402112328162,0.0,0.014628495133650037,0.005248638810814781,0.0014484136487558027,24.5969696969697,0.0
0.0,0.0,0.0,6.92384648392631,0.0,0.0,0.0,0.0,0.0,0.005473987486932374,0.0,0.0,0.0,0.0,0.0,0.0,0.029466566307947344,0.03924199961204265,0.0,45.12765957446809
