1,2,3,4,5,6,7,8,9,10,11,12,13,14,15,16,17,18,19,20
0.8234684807256237,3.7267080745341614e-05,0.00023990355635925258,0.0,0.0017857142857142859,0.0022734818698121454,0.0,0.0037126436781609205,0.0,0.02508201058201058,0.001009009009009009,0.0023249299719887958,0.00040476190476190484,0.0014805194805194806,0.005009966777408639,0.0020917748917748916,0.0,0.00036363636363636367,1.0204081632653063e-05,0.0005108225108225109
3.7267080745341614e-05,0.9154631379962193,0.00012658227848101267,0.0,0.0,0.0,0.041739130434782605,0.0,0.0,0.0,0.0,0.0,0.0,0.0,0.001678463094034378,0.017462450592885374,0.008181818181818182,0.0,0.0005357142857142856,0.0
0.0002399035563592526,0.00012658227848101264,0.955773113283128,0.0,0.00127373417721519,9.290442457322031e-06,0.0,5.01964207769533e-05,0.00012658227848101264,0.00010548523206751055,0.00482894286691755,0.0,4.35126582278481e-05,9.973149213655545e-05,0.0038681189284662937,0.00011047180667433834,0.004867663981588033,0.0022899884925201386,0.0027825497287522613,0.002991944764096663
0.0,0.0,0.0,0.9892750000000001,0.0,0.0,0.0,0.0,0.0,0.0,0.0,0.0,0.0,0.537125,0.0,0.0,0.06318181818181817,0.0,0.0,0.0
0.0017857142857142859,0.0,0.0012737341772151897,0.0,0.952256944444444,0.002146406727828746,0.0,4.3103448275862066e-05,0.0,0.0009259259259259257,0.005047860360360361,7.352941176470588e-05,6.510416666666666e-06,0.00034406565656565656,0.00031492248062015503,1.8939393939393936e-05,0.0,0.0001893939393939394,0.00013020833333333333,0.0
0.0022734818698121454,0.0,9.290442457322031e-06,0.0,0.002146406727828746,0.8178941166568473,0.0,0.0,0.0,0.006228338430173293,0.0,2.6983270372369132e-05,2.8669724770642206e-06,0.001638865721434529,8.534243652656285e-06,0.0,0.0,0.290909090909091,0.0,0.0
0.0,0.04173913043478259,0.0,0.0,0.0,0.0,0.9999999999999994,0.0,0.0,0.0,0.0,0.0,0.0,0.0,0.0,0.0,0.0,0.0,0.0,0.0
0.003712643678160919,0.0,5.01964207769533e-05,0.0,4.3103448275862066e-05,0.0,0.0,0.9608858501783589,0.0,7.183908045977011e-05,0.0004030754892823859,1.5212981744421907e-05,1.0775862068965518e-05,1.567398119122257e-05,3.6086607858861275e-05,6.269592476489028e-06,0.0,0.0,0.052379926108374386,1.567398119122257e-05
0.0,0.0,0.00012658227848101267,0.0,0.0,0.0,0.0,0.0,0.9999999999999999,0.0,0.0,0.0,0.0,0.0,0.0,0.0,0.0,0.0,0.00017857142857142857,0.010000000000000002
0.025082010582010584,0.0,0.00010548523206751055,0.0,0.0009259259259259257,0.006228338430173293,0.0,7.183908045977011e-05,0.0,0.8539043209876546,0.0,0.00011437908496732025,8.680555555555556e-06,0.0006607744107744108,3.875968992248062e-05,0.01097979797979798,0.0,0.0015909090909090907,0.0,0.0002525252525252525
0.0010090090090090092,0.0,0.004828942866917552,0.0,0.005047860360360361,0.0,0.0,0.0004030754892823859,0.0,0.0,0.9612490869247623,9.538950715421303e-05,0.006486486486486485,6.142506142506143e-06,0.0,0.018739557739557745,0.0,4.914004914004914e-05,0.0001640926640926641,0.0018673218673218674
0.0023249299719887958,0.0,0.0,0.0,7.352941176470588e-05,2.6983270372369135e-05,0.0,1.5212981744421905e-05,0.0,0.00011437908496732025,9.538950715421304e-05,0.9860726643598615,6.433823529411765e-05,6.238859180035651e-05,0.0,0.0001925133689839572,0.0,0.0,0.0,0.0
0.0004047619047619048,0.0,4.35126582278481e-05,0.0,6.510416666666666e-06,2.8669724770642206e-06,0.0,1.0775862068965518e-05,0.0,8.680555555555556e-06,0.006486486486486486,6.433823529411765e-05,0.9843554687500001,9.46969696969697e-06,0.0,0.00016477272727272727,0.0,0.0,0.0,0.0
0.0014805194805194808,0.0,9.973149213655542e-05,0.5371250000000001,0.00034406565656565656,0.0016388657214345286,0.0,1.567398119122257e-05,0.0,0.0006607744107744108,6.1425061425061425e-06,6.238859180035651e-05,9.46969696969697e-06,0.9752754820936638,3.875968992248062e-05,6.611570247933885e-05,0.03221763085399448,0.0004132231404958678,0.0,0.0
0.005009966777408637,0.0016784630940343782,0.0038681189284662945,0.0,0.0003149224806201551,8.534243652656284e-06,0.0,3.608660785886127e-05,0.0,3.8759689922480616e-05,0.0,0.0,0.0,3.875968992248062e-05,0.9326879394267172,0.0,0.0,0.0,4.568106312292358e-05,0.0
0.0020917748917748916,0.017462450592885377,0.0001104718066743383,0.0,1.893939393939394e-05,0.0,0.0,6.269592476489028e-06,0.0,0.01097979797979798,0.01873955773955774,0.00019251336898395722,0.00016477272727272727,6.611570247933885e-05,0.0,0.8871272727272728,1.652892561983471e-05,0.04566942148760331,0.00045454545454545455,0.07424793388429751
0.0,0.008181818181818182,0.004867663981588033,0.06318181818181819,0.0,0.0,0.0,0.0,0.0,0.0,0.0,0.0,0.0,0.03221763085399448,0.0,1.652892561983471e-05,0.839504132231405,0.268099173553719,0.004691558441558442,0.04247933884297521
0.0003636363636363636,0.0,0.002289988492520138,0.0,0.00018939393939393937,0.2909090909090909,0.0,0.0,0.0,0.001590909090909091,4.914004914004914e-05,0.0,0.0,0.00041322314049586776,0.0,0.04566942148760331,0.268099173553719,0.9090909090909092,0.0009253246753246755,0.0027272727272727275
1.0204081632653061e-05,0.0005357142857142856,0.00278254972875226,0.0,0.00013020833333333336,0.0,0.0,0.05237992610837438,0.00017857142857142857,0.0,0.0001640926640926641,0.0,0.0,0.0,4.5681063122923594e-05,0.0004545454545454545,0.00469155844155844,0.0009253246753246754,0.8264795918367345,0.01146103896103896
0.0005108225108225109,0.0,0.002991944764096663,0.0,0.0,0.0,0.0,1.567398119122257e-05,0.01,0.0002525252525252525,0.0018673218673218674,0.0,0.0,0.0,0.0,0.07424793388429754,0.04247933884297521,0.002727272727272727,0.011461038961038962,0.96099173553719
