1,2,3,4,5,6,7,8,9,10,11,12,13,14,15,16,17,18,19,20,21,22,23,24,25,26,27,28,29,30
0.9828703703703705,0.00012077294685990337,0.0001282051282051282,0.00021122685185185182,0.0002222222222222222,2.5252525252525253e-05,0.0,7.507507507507508e-06,0.0,0.0,0.0,0.0,0.0,0.0,0.0,0.0006906906906906907,0.00043010752688172043,0.00015625,2.6041666666666665e-05,0.0,8.680555555555556e-05,0.0,8.680555555555556e-05,7.407407407407407e-05,1.1574074074074073e-05,9.107468123861566e-06,0.0001388888888888889,0.00011111111111111112,0.0002666666666666667,0.0
0.00012077294685990337,0.9636672967863891,0.00020903010033444816,0.0008038949275362319,0.00010144927536231884,0.0,0.0010095799557848194,0.0,0.0,0.0,0.0,9.057971014492753e-06,0.0,0.0,0.0,1.762632197414806e-05,0.0002314165497896213,0.0003872282608695652,3.3967391304347826e-05,0.01573913043478261,0.00010869565217391305,0.0,9.963768115942029e-05,0.005275362318840579,9.057971014492753e-06,0.004201710620099787,4.076086956521739e-05,0.00021739130434782612,0.13306956521739133,1.5527950310559007e-05
0.0001282051282051282,0.00020903010033444816,0.7796153846153848,0.00719551282051282,0.00014743589743589745,3.496503496503497e-05,0.00020860495436766626,0.0,0.01274725274725275,0.0,0.00014423076923076924,0.0,0.0,0.0,0.00013846153846153847,2.0790020790020793e-05,0.00024813895781637717,0.002223557692307692,0.00010817307692307694,0.0,0.00018028846153846155,0.0,0.0002644230769230769,0.0019743589743589744,1.6025641025641026e-05,0.2594073139974779,0.0016346153846153847,0.021615384615384616,0.0018153846153846156,0.0
0.0002112268518518518,0.0008038949275362317,0.00719551282051282,0.5810894097222221,0.003385416666666667,9.46969696969697e-06,0.0011387711864406778,0.0,0.0,0.0,0.01694878472222222,0.0,0.0,0.0,0.016416666666666663,0.005101351351351352,0.0014314516129032256,0.0012207031249999998,0.001067708333333333,0.0,0.00080078125,0.0,0.0019032118055555556,0.021472222222222212,3.4722222222222215e-05,1.7076502732240437e-06,0.22422526041666663,2.0833333333333333e-05,0.0006916666666666666,0.0
0.0002222222222222222,0.00010144927536231883,0.00014743589743589745,0.0033854166666666668,0.8010944444444444,0.0001818181818181818,8.47457627118644e-06,3.153153153153153e-05,0.0,0.0,6.944444444444444e-06,1.7361111111111108e-05,0.0,0.0,0.0,6.756756756756757e-05,0.018102150537634407,9.375e-05,0.00011458333333333333,0.0,6.25e-05,0.0,0.0006770833333333332,0.05444444444444445,4.1666666666666665e-05,2.73224043715847e-06,0.03454166666666667,6.666666666666667e-05,3.333333333333333e-05,0.0
2.5252525252525253e-05,0.0,3.4965034965034965e-05,9.46969696969697e-06,0.0001818181818181818,0.7552066115702478,0.0,0.0,0.0,0.0,0.0,0.6239962121212121,0.0,0.0,0.0,0.0,0.0005278592375366569,2.840909090909091e-05,0.0,0.0,2.840909090909091e-05,0.0,0.14386363636363636,0.09727272727272726,0.0,0.0,0.00011363636363636364,0.0,0.0,0.0
0.0,0.0010095799557848196,0.0002086049543676662,0.0011387711864406778,8.47457627118644e-06,0.0,0.8973513358230392,0.0,0.0,0.0,0.0,2.4717514124293788e-05,0.0,0.0,0.0,0.0,0.0,0.00043432203389830507,0.0,0.0,9.533898305084746e-05,0.0,3.177966101694915e-05,0.2042033898305085,7.062146892655367e-06,2.7785495971103087e-06,0.0,0.0,0.003755932203389831,0.0
7.507507507507507e-06,0.0,0.0,0.0,3.153153153153153e-05,0.0,0.0,0.9978962746530315,0.0,0.0,0.0,0.0,0.0,0.0,0.0,0.0,5.231037489102005e-05,0.0,0.0,0.0,0.0,0.0,0.0,0.06798198198198199,1.1261261261261261e-05,0.0,0.03805743243243243,0.0,0.0,0.0
0.0,0.0,0.012747252747252746,0.0,0.0,0.0,0.0,0.0,0.9375020408163268,0.0,0.0,0.0,0.0,0.0,0.0,0.0,0.0005622119815668203,0.0,0.0,0.0,0.0,0.0,0.0,0.0,0.005107142857142857,3.278688524590164e-05,0.0,0.0004,0.0,0.0
0.0,0.0,0.0,0.0,0.0,0.0,0.0,0.0,0.0,1.0,0.0,0.0,0.0,0.0,0.0,0.0,0.00903225806451613,0.0,0.0,0.0,0.0,0.0,0.0,0.0,0.0,0.0,0.0,0.0,0.0,0.0
0.0,0.0,0.00014423076923076922,0.01694878472222222,6.944444444444444e-06,0.0,0.0,0.0,0.0,0.0,0.7781249999999998,0.0,0.0,0.29041666666666666,0.0,0.0007432432432432432,1.3440860215053762e-05,0.0,0.0,0.0,0.0,0.1025,3.4722222222222215e-05,2.7777777777777776e-05,0.0,0.0,0.025807291666666662,0.0,0.0022999999999999995,0.0
0.0,9.057971014492753e-06,0.0,0.0,1.736111111111111e-05,0.6239962121212121,2.4717514124293788e-05,0.0,0.0,0.0,0.0,0.9918402777777776,0.0,0.0,0.0,0.0,2.0161290322580642e-05,0.0,0.0,0.0,0.0,0.0,0.0,0.07809722222222222,8.680555555555554e-06,0.0,0.0,0.0,0.0,0.0
0.0,0.0,0.0,0.0,0.0,0.0,0.0,0.0,0.0,0.0,0.0,0.0,0.8042307692307693,0.0,0.0,0.0,0.0008684863523573201,0.0,0.0,0.0,0.0,0.0,0.0,0.0,0.0,0.06515762925598993,0.0,0.0,0.0,0.0
0.0,0.0,0.0,0.0,0.0,0.0,0.0,0.0,0.0,0.0,0.2904166666666666,0.0,0.0,0.9999999999999998,0.0,0.0,0.0,0.0,0.0,0.0,0.0,0.0,0.0,0.0,0.0,0.0,0.0,0.0,0.0,0.0
0.0,0.0,0.00013846153846153847,0.016416666666666666,0.0,0.0,0.0,0.0,0.0,0.0,0.0,0.0,0.0,0.0,0.9232640000000002,0.0,0.0,0.0,0.0,0.0,0.0,0.0,0.0,0.004053333333333333,0.0,0.00028852459016393445,0.0,0.0,0.0,0.0
0.0006906906906906907,1.762632197414806e-05,2.079002079002079e-05,0.005101351351351352,6.756756756756757e-05,0.0,0.0,0.0,0.0,0.0,0.0007432432432432432,0.0,0.0,0.0,0.0,0.9484149013878745,0.00013949433304272013,8.445945945945946e-06,0.0,0.0,8.445945945945946e-06,0.0,5.630630630630631e-06,0.0,0.0,0.0,0.027601351351351357,0.0,0.0,0.0
0.0004301075268817204,0.00023141654978962127,0.00024813895781637717,0.0014314516129032258,0.018102150537634407,0.0005278592375366569,0.0,5.231037489102005e-05,0.0005622119815668202,0.009032258064516132,1.3440860215053763e-05,2.0161290322580642e-05,0.0008684863523573201,0.0,0.0,0.00013949433304272013,0.8151716961498439,0.00021169354838709677,0.00010080645161290323,0.0,0.00010080645161290323,0.0,0.001122311827956989,0.0006666666666666666,0.008373655913978494,5.288207297726071e-06,0.006350806451612903,0.0012903225806451613,0.00027096774193548386,0.0
0.00015625,0.0003872282608695652,0.0022235576923076926,0.001220703125,9.375e-05,2.840909090909091e-05,0.00043432203389830507,0.0,0.0,0.0,0.0,0.0,0.0,0.0,0.0,8.445945945945946e-06,0.00021169354838709677,0.96255859375,3.90625e-05,0.0,0.0001953125,0.0,0.0001497395833333333,0.0059375,1.3020833333333332e-05,5.122950819672131e-06,3.90625e-05,6.25e-05,0.004825,0.0
2.6041666666666665e-05,3.3967391304347826e-05,0.00010817307692307694,0.0010677083333333335,0.00011458333333333333,0.0,0.0,0.0,0.0,0.0,0.0,0.0,0.0,0.0,0.0,0.0,0.00010080645161290323,3.90625e-05,0.9880078125,0.0,1.953125e-05,0.0,8.463541666666667e-05,4.1666666666666665e-05,0.0,0.0,0.0,0.0,0.0,0.0
0.0,0.01573913043478261,0.0,0.0,0.0,0.0,0.0,0.0,0.0,0.0,0.0,0.0,0.0,0.0,0.0,0.0,0.0,0.0,0.0,0.9518,0.0,0.0,0.0,0.005866666666666668,0.05108333333333334,4.918032786885246e-05,0.0,0.0,0.22076,0.0007142857142857143
8.680555555555556e-05,0.00010869565217391305,0.00018028846153846155,0.00080078125,6.25e-05,2.840909090909091e-05,9.533898305084746e-05,0.0,0.0,0.0,0.0,0.0,0.0,0.0,0.0,8.445945945945946e-06,0.00010080645161290323,0.0001953125,1.953125e-05,0.0,0.9878906250000001,0.0,0.0001171875,0.0005,1.3020833333333332e-05,0.0,3.90625e-05,0.0,6.25e-05,0.0
0.0,0.0,0.0,0.0,0.0,0.0,0.0,0.0,0.0,0.0,0.1025,0.0,0.0,0.0,0.0,0.0,0.0,0.0,0.0,0.0,0.0,0.9999999999999997,0.0,0.0,0.0,0.0,0.0,0.0,0.0,0.0
8.680555555555556e-05,9.963768115942029e-05,0.0002644230769230769,0.0019032118055555551,0.0006770833333333332,0.14386363636363636,3.177966101694915e-05,0.0,0.0,0.0,3.4722222222222215e-05,0.0,0.0,0.0,0.0,5.630630630630631e-06,0.001122311827956989,0.0001497395833333333,8.463541666666667e-05,0.0,0.0001171875,0.0,0.9354947916666665,0.018277777777777775,0.0003211805555555555,0.0,0.0006380208333333333,6.25e-05,3.3333333333333335e-05,0.0
7.407407407407407e-05,0.005275362318840581,0.0019743589743589744,0.021472222222222226,0.05444444444444445,0.09727272727272729,0.20420338983050845,0.06798198198198198,0.0,0.0,2.7777777777777776e-05,0.0780972222222222,0.0,0.0,0.004053333333333333,0.0,0.0006666666666666666,0.0059375,4.1666666666666665e-05,0.005866666666666667,0.0005,0.0,0.01827777777777777,0.34426666666666667,0.0005,0.0,0.006708333333333333,0.0015333333333333332,0.1632,0.00019047619047619045
1.1574074074074073e-05,9.057971014492753e-06,1.6025641025641026e-05,3.4722222222222215e-05,4.1666666666666665e-05,0.0,7.062146892655367e-06,1.1261261261261261e-05,0.005107142857142857,0.0,0.0,8.680555555555554e-06,0.0,0.0,0.0,0.0,0.008373655913978493,1.3020833333333332e-05,0.0,0.05108333333333333,1.3020833333333332e-05,0.0,0.0003211805555555555,0.0004999999999999999,0.7351388888888888,0.0,0.0006249999999999999,0.008041666666666667,0.0007166666666666666,0.01
9.107468123861566e-06,0.004201710620099786,0.25940731399747796,1.7076502732240437e-06,2.73224043715847e-06,0.0,2.7785495971103082e-06,0.0,3.278688524590164e-05,0.0,0.0,0.0,0.06515762925598992,0.0,0.0002885245901639344,0.0,5.288207297726071e-06,5.122950819672131e-06,0.0,4.918032786885246e-05,0.0,0.0,0.0,0.0,0.0,0.7831066917495297,0.0,3.278688524590164e-05,0.000518032786885246,0.0
0.0001388888888888889,4.076086956521739e-05,0.0016346153846153847,0.22422526041666663,0.03454166666666667,0.00011363636363636364,0.0,0.03805743243243244,0.0,0.0,0.025807291666666666,0.0,0.0,0.0,0.0,0.02760135135135136,0.006350806451612904,3.90625e-05,0.0,0.0,3.90625e-05,0.0,0.0006380208333333333,0.0067083333333333335,0.000625,0.0,0.639453125,6.25e-05,0.0,0.09781249999999998
0.0001111111111111111,0.00021739130434782612,0.021615384615384616,2.0833333333333333e-05,6.666666666666667e-05,0.0,0.0,0.0,0.0004,0.0,0.0,0.0,0.0,0.0,0.0,0.0,0.0012903225806451615,6.25e-05,0.0,0.0,0.0,0.0,6.25e-05,0.0015333333333333336,0.008041666666666667,3.278688524590164e-05,6.25e-05,0.9546000000000001,0.021,0.0
0.0002666666666666667,0.1330695652173913,0.0018153846153846154,0.0006916666666666666,3.3333333333333335e-05,0.0,0.003755932203389831,0.0,0.0,0.0,0.002299999999999999,0.0,0.0,0.0,0.0,0.0,0.00027096774193548386,0.004825,0.0,0.22076000000000004,6.25e-05,0.0,3.3333333333333335e-05,0.1632,0.0007166666666666667,0.000518032786885246,0.0,0.021000000000000005,0.6219840000000001,0.003085714285714286
0.0,1.5527950310559007e-05,0.0,0.0,0.0,0.0,0.0,0.0,0.0,0.0,0.0,0.0,0.0,0.0,0.0,0.0,0.0,0.0,0.0,0.0007142857142857144,0.0,0.0,0.0,0.00019047619047619048,0.01,0.0,0.0978125,0.0,0.003085714285714286,0.9933673469387754
