1,2,3,4,5,6,7,8,9,10,11,12,13,14,15,16,17,18,19,20,21,22,23,24,25,26,27,28,29,30
0.6908648815020005,0.007902711323763955,6.265664160401002e-05,4.3859649122807014e-06,0.0004106009705113848,0.00249212775528565,0.0014456140350877192,0.0,0.00025382605449794697,3.508771929824561e-05,0.0,0.0003070175438596491,0.0010413129598189018,0.0001651186790505676,7.309941520467835e-05,0.0005482456140350877,0.0009758771929824561,0.0,0.09383859649122807,0.00010796221322537111,0.0,0.0020650584795321634,0.0,0.0014473684210526314,1.6708437761069337e-05,0.35151315789473675,0.0,0.0,0.0030634278002699047,0.0353250773993808
0.007902711323763955,0.8865289256198348,0.0001948051948051948,0.0,0.00024177949709864604,0.0,0.0003818181818181818,0.037566844919786097,0.0,0.0,0.0,0.0002130681818181818,0.00017595307917888563,0.00016042780748663101,0.00011363636363636362,0.0026278409090909095,0.00012784090909090907,0.0,0.00032727272727272726,0.0,0.0,0.0003125,0.0,0.0037784090909090905,0.0002380952380952381,0.008229166666666666,0.18887096774193546,0.02509090909090909,0.0013461538461538465,0.0
6.265664160401001e-05,0.0001948051948051948,0.6614285714285713,0.0020357142857142857,0.0005927051671732521,0.0003296703296703296,0.001,0.0,0.0,0.0,0.0,4.464285714285714e-05,0.0061175115207373265,4.201680672268908e-05,0.0,0.0008035714285714284,0.0,0.5732440476190475,0.0,0.0,0.0,0.1315922619047619,0.0,0.02058035714285714,0.0,5.9523809523809524e-05,0.0,0.00028571428571428574,0.010576923076923074,0.0
4.3859649122807014e-06,0.0,0.0020357142857142857,0.9798750000000004,7.446808510638298e-05,4.4871794871794874e-05,5e-05,0.0,0.0,0.0,0.0,0.0,0.00010483870967741936,0.0,0.0,8.59375e-05,0.0,7.8125e-05,0.0,0.0,0.0,0.0002916666666666667,0.0,0.0014375000000000002,0.0,0.0,0.0,2.5e-05,0.6903461538461539,0.0
0.00041060097051138486,0.00024177949709864604,0.0005927051671732522,7.446808510638298e-05,0.9620190131281121,5.455537370430987e-06,0.0002127659574468085,0.0,0.0,6.382978723404255e-05,0.00853191489361702,0.00010638297872340425,0.0001338366506520247,0.00012515644555694618,0.0,0.00039228723404255314,3.324468085106383e-05,8.865248226950355e-06,0.0,0.0,3.546099290780141e-05,9.75177304964539e-05,0.0,0.056010638297872326,0.08206686930091185,0.0010859929078014183,0.0,0.0002127659574468085,0.003461538461538461,1.2515644555694618e-05
0.00249212775528565,0.0,0.00032967032967032956,4.487179487179487e-05,5.455537370430988e-06,0.9746877054569362,0.00017435897435897434,0.0,0.0,1.7094017094017095e-05,0.0,0.0,0.00014474772539288666,7.541478129713424e-06,0.0,8.012820512820513e-06,0.0,0.0,0.0017538461538461538,0.0,0.0,0.0,0.0,0.006057692307692309,0.0,0.0,0.0,2.5641025641025643e-05,0.00032544378698224854,0.001945701357466063
0.0014456140350877192,0.0003818181818181818,0.001,4.9999999999999996e-05,0.00021276595744680848,0.00017435897435897436,0.6808639999999999,0.005070588235294118,0.0,0.010066666666666666,0.0009466666666666667,0.0001375,0.0016451612903225802,0.00030588235294117644,0.0,0.0002625,0.000125,3.333333333333333e-05,0.0006079999999999999,0.0,8.888888888888889e-05,0.0006249999999999999,0.011200000000000002,0.0007250000000000001,0.024247619047619046,0.0013833333333333332,0.0,0.00808,0.00016923076923076926,0.009058823529411767
0.0,0.03756684491978609,0.0,0.0,0.0,0.0,0.0050705882352941175,0.952318339100346,0.0,0.0005784313725490196,0.0,0.0,0.0,0.0,0.0,0.0,0.0,0.0,0.0,0.0,0.0,0.0,0.0,0.0,0.0,0.0,6.166982922201139e-05,0.00041176470588235296,0.0,0.0
0.00025382605449794697,0.0,0.0,0.0,0.0,0.0,0.0,0.0,0.7275690357627885,0.0,0.0,0.0,0.0,0.0,0.0,0.0,0.0,0.0,0.0,0.032831423895253675,0.0,0.0,0.0,0.0,0.001033434650455927,0.0,0.0,0.0,0.0,0.0
3.508771929824561e-05,0.0,0.0,0.0,6.382978723404255e-05,1.7094017094017092e-05,0.010066666666666666,0.0005784313725490195,0.0,0.8651555555555555,0.0,0.0,0.017655913978494624,0.0002254901960784314,0.0,1.0416666666666666e-05,0.0,0.0,4e-05,0.0,0.00020370370370370372,0.0008958333333333332,0.0,0.0,6.349206349206349e-05,0.0008749999999999999,0.0,0.0010333333333333336,1.2820512820512822e-05,5.882352941176471e-05
0.0,0.0,0.0,0.0,0.008531914893617022,0.0,0.0009466666666666666,0.0,0.0,0.0,0.7240888888888888,0.0,5.376344086021505e-06,1.9607843137254903e-05,0.0,1.0416666666666666e-05,0.0,0.0,0.0,0.0,0.0,0.0,0.0,0.0,0.0009206349206349207,6.944444444444444e-06,0.07120967741935484,6.666666666666667e-05,1.2820512820512822e-05,0.0
0.0003070175438596491,0.0002130681818181818,4.464285714285714e-05,0.0,0.00010638297872340425,0.0,0.0001375,0.0,0.0,0.0,0.0,0.9878906250000001,6.55241935483871e-05,9.191176470588235e-05,0.0,0.0001953125,1.953125e-05,0.0,0.0,0.0,1.736111111111111e-05,0.0001171875,0.0,0.00015625,1.4880952380952381e-05,0.0012434895833333334,0.0,0.0,0.00044471153846153846,0.0
0.001041312959818902,0.00017595307917888563,0.0061175115207373265,0.00010483870967741934,0.0001338366506520247,0.00014474772539288666,0.0016451612903225804,0.0,0.0,0.017655913978494624,5.376344086021505e-06,6.55241935483871e-05,0.7904162330905306,0.0002609108159392789,0.0,0.00012600806451612903,0.00011088709677419356,1.6801075268817204e-05,0.00041935483870967743,0.0,0.00017025089605734764,0.0006619623655913977,0.0,0.002096774193548387,3.840245775729647e-05,0.00586021505376344,0.0,9.677419354838711e-05,0.0005583126550868487,0.0005787476280834914
0.0001651186790505676,0.00016042780748663101,4.201680672268908e-05,0.0,0.00012515644555694618,7.541478129713424e-06,0.0003058823529411765,0.0,0.0,0.0002254901960784314,1.9607843137254903e-05,9.191176470588235e-05,0.0002609108159392789,0.9852249134948099,0.0,0.00016544117647058825,2.7573529411764707e-05,0.0,0.0,0.0,0.10699346405228757,9.191176470588235e-05,0.0,3.6764705882352945e-05,0.00033613445378151256,0.00025735294117647055,0.0,0.00011764705882352943,1.1312217194570137e-05,0.0
7.309941520467836e-05,0.00011363636363636362,0.0,0.0,0.0,0.0,0.0,0.0,0.0,0.0,0.0,0.0,0.0,0.0,0.9458680555555554,0.0,0.0,0.0,0.0,0.0,0.0,0.0,0.0,0.0,0.0,0.03514756944444444,0.00029569892473118274,0.0,0.001826923076923077,0.0
0.0005482456140350876,0.0026278409090909095,0.0008035714285714286,8.59375e-05,0.0003922872340425532,8.012820512820513e-06,0.0002625,0.0,0.0,1.0416666666666666e-05,1.0416666666666666e-05,0.0001953125,0.00012600806451612903,0.00016544117647058825,0.0,0.96255859375,3.90625e-05,0.0,0.0,0.0,1.736111111111111e-05,0.0001497395833333333,0.0,0.00822265625,0.0007291666666666666,0.0017968750000000003,0.0,6.25e-05,0.002740384615384616,0.0
0.0009758771929824561,0.0001278409090909091,0.0,0.0,3.324468085106383e-05,0.0,0.000125,0.0,0.0,0.0,0.0,1.953125e-05,0.00011088709677419354,2.7573529411764703e-05,0.0,3.90625e-05,0.9880078125,0.0,0.0,0.0,0.0,8.463541666666667e-05,0.0,0.0,0.0,0.0009765625,0.0,0.0,2.4038461538461542e-05,0.0
0.0,0.0,0.5732440476190476,7.8125e-05,8.865248226950355e-06,0.0,3.3333333333333335e-05,0.0,0.0,0.0,0.0,0.0,1.68010752688172e-05,0.0,0.0,0.0,0.0,0.9918402777777776,0.0,0.0,0.0,0.0,0.0,0.0001953125,0.0,0.0,0.0,0.0,0.00020032051282051281,0.0
0.09383859649122805,0.00032727272727272726,0.0,0.0,0.0,0.001753846153846154,0.000608,0.0,0.0,3.9999999999999996e-05,0.0,0.0,0.00041935483870967743,0.0,0.0,0.0,0.0,0.0,0.7085440000000001,0.0,0.7067555555555555,5e-05,0.0,0.00025,0.0,0.008366666666666668,0.0,0.0,0.0,0.026235294117647058
0.00010796221322537111,0.0,0.0,0.0,0.0,0.0,0.0,0.0,0.03283142389525368,0.0,0.0,0.0,0.0,0.0,0.0,0.0,0.0,0.0,0.0,0.8463905325443789,0.0,0.0,0.0,0.0,0.0004395604395604395,0.0,0.0,0.0,0.0,0.0
0.0,0.0,0.0,0.0,3.546099290780142e-05,0.0,8.888888888888889e-05,0.0,0.0,0.0002037037037037037,0.0,1.736111111111111e-05,0.00017025089605734767,0.10699346405228759,0.0,1.736111111111111e-05,0.0,0.0,0.7067555555555555,0.0,0.8008641975308642,1.1574074074074073e-05,0.0,0.0,0.0,2.3148148148148147e-05,0.0,0.0,0.0,0.0
0.0020650584795321634,0.0003125,0.1315922619047619,0.0002916666666666667,9.75177304964539e-05,0.0,0.0006249999999999999,0.0,0.0,0.0008958333333333333,0.0,0.0001171875,0.0006619623655913977,9.191176470588235e-05,0.0,0.0001497395833333333,8.463541666666667e-05,0.0,5e-05,0.0,1.1574074074074073e-05,0.9354947916666665,0.0,6.510416666666667e-05,9.920634920634919e-06,0.0015494791666666665,0.0,6.25e-05,0.00016025641025641026,0.0
0.0,0.0,0.0,0.0,0.0,0.0,0.011200000000000002,0.0,0.0,0.0,0.0,0.0,0.0,0.0,0.0,0.0,0.0,0.0,0.0,0.0,0.0,0.0,1.0,0.0,0.0,0.0,0.0,0.0,0.0,0.0
0.0014473684210526314,0.003778409090909091,0.020580357142857143,0.0014375000000000002,0.056010638297872346,0.006057692307692309,0.000725,0.0,0.0,0.0,0.0,0.00015625,0.002096774193548387,3.6764705882352945e-05,0.0,0.00822265625,0.0,0.00019531249999999998,0.00025,0.0,0.0,6.510416666666667e-05,0.0,0.90328125,0.27764880952380955,0.0021744791666666666,0.0,0.00025,0.07581730769230771,0.002536764705882353
1.670843776106934e-05,0.0002380952380952381,0.0,0.0,0.08206686930091185,0.0,0.024247619047619042,0.0,0.001033434650455927,6.349206349206349e-05,0.0009206349206349205,1.4880952380952381e-05,3.840245775729647e-05,0.00033613445378151256,0.0,0.0007291666666666666,0.0,0.0,0.0,0.00043956043956043945,0.0,9.92063492063492e-06,0.0,0.27764880952380955,0.5808616780045351,0.0001388888888888889,0.0,0.024952380952380948,0.0021428571428571434,0.0018207282913165266
0.3515131578947368,0.008229166666666666,5.952380952380952e-05,0.0,0.0010859929078014185,0.0,0.0013833333333333332,0.0,0.0,0.0008749999999999999,6.944444444444444e-06,0.0012434895833333332,0.00586021505376344,0.0002573529411764706,0.035147569444444436,0.0017968750000000003,0.0009765625,0.0,0.008366666666666666,0.0,2.3148148148148147e-05,0.0015494791666666662,0.0,0.0021744791666666666,0.00013888888888888886,0.7819531249999999,0.0,4.1666666666666665e-05,0.025496794871794876,9.80392156862745e-05
0.0,0.18887096774193546,0.0,0.0,0.0,0.0,0.0,6.166982922201138e-05,0.0,0.0,0.07120967741935483,0.0,0.0,0.0,0.00029569892473118285,0.0,0.0,0.0,0.0,0.0,0.0,0.0,0.0,0.0,0.0,0.0,0.8240582726326742,0.00016129032258064516,0.0,0.0
0.0,0.025090909090909087,0.0002857142857142857,2.5e-05,0.0002127659574468085,2.564102564102564e-05,0.008080000000000002,0.00041176470588235296,0.0,0.0010333333333333336,6.666666666666667e-05,0.0,9.67741935483871e-05,0.00011764705882352942,0.0,6.25e-05,0.0,0.0,0.0,0.0,0.0,6.25e-05,0.0,0.00025,0.02495238095238095,4.1666666666666665e-05,0.00016129032258064516,0.9546000000000001,0.0005000000000000001,0.0
0.003063427800269905,0.0013461538461538463,0.010576923076923078,0.6903461538461538,0.003461538461538461,0.00032544378698224854,0.00016923076923076926,0.0,0.0,1.2820512820512822e-05,1.2820512820512822e-05,0.00044471153846153846,0.0005583126550868487,1.1312217194570137e-05,0.001826923076923077,0.0027403846153846155,2.4038461538461542e-05,0.00020032051282051281,0.0,0.0,0.0,0.00016025641025641026,0.0,0.07581730769230771,0.002142857142857143,0.025496794871794876,0.0,0.0005000000000000001,0.746449704142012,0.0
0.0353250773993808,0.0,0.0,0.0,1.251564455569462e-05,0.0019457013574660632,0.009058823529411765,0.0,0.0,5.882352941176471e-05,0.0,0.0,0.0005787476280834915,0.0,0.0,0.0,0.0,0.0,0.026235294117647058,0.0,0.0,0.0,0.0,0.0025367647058823534,0.0018207282913165264,9.80392156862745e-05,0.0,0.0,0.0,0.8269896193771626
