1,2,3,4,5,6,7,8,9,10,11,12,13,14,15,16,17,18,19,20,21,22,23,24,25,26,27,28,29,30
0.924988662131519,0.044229691876750694,0.0,7.8064012490242e-06,0.0,0.0,0.0,0.0007987711213517665,0.014789115646258502,9.768009768009768e-05,0.0,0.0,0.00010416666666666666,0.0,0.0035023041474654374,0.0,0.0,0.0,0.0,0.004229323308270676,0.033021978021978024,0.0,0.0,0.02311688311688312,0.0,0.00030812324929971986,0.00012698412698412698,0.2554761904761904,0.0,0.0002666666666666667
0.044229691876750694,0.27003460207612456,0.0,0.03240115718418515,0.0,0.0024117647058823537,0.044773109243697484,0.05073055028462997,0.000907563025210084,0.004796380090497738,0.027210626185958257,0.0018627450980392157,0.002113970588235294,0.047058823529411764,0.05280834914611006,0.0,0.03554443053817271,0.01647058823529412,0.000326797385620915,0.23389318885448915,0.0007466063348416291,0.010141176470588237,0.0022745098039215687,0.005508021390374332,0.006901960784313725,0.026435986159169547,0.01619607843137255,0.0009529411764705883,0.00012605042016806722,0.04270588235294117
0.0,0.0,0.8463905325443789,0.0,0.0,0.0,0.0,0.00014888337468982628,0.0,0.0,0.0,0.0,0.0,0.0,0.00019851116625310174,0.03283142389525368,0.0,0.0,0.0,0.0,0.0,0.0,0.0,0.0,0.0,0.0,0.0,0.0,0.0,0.0
7.8064012490242e-06,0.03240115718418515,0.0,0.8004783660306372,0.0,0.00010655737704918035,0.0,0.0001797990481226864,0.0,0.00013030685161832703,0.0,4.7814207650273224e-05,0.0,0.0,0.0013061872025383395,0.0,0.0005755144750610393,0.0,6.830601092896174e-05,0.00317946505608283,0.0,0.0,0.0,5.961251862891207e-05,0.017256830601092895,0.0,0.00585792349726776,0.0,0.0,0.0005049180327868852
0.0,0.0,0.0,0.0,0.9995835219556356,0.0,0.0,0.0,0.0,0.0,0.0,0.0,0.0,0.0,0.0,0.0,0.0,0.0,0.0,0.0,0.0,0.0,0.0,0.0,0.0,0.0,0.5874326241134753,0.0,0.0,0.0
0.0,0.0024117647058823533,0.0,0.00010655737704918033,0.0,0.9798750000000004,0.0,8.870967741935484e-05,0.0,0.00023076923076923074,3.2258064516129034e-05,2.0833333333333333e-05,0.0,0.0,8.064516129032258e-06,0.0,0.0002925531914893618,0.0,0.0,0.0,0.0,0.0,0.0,2.272727272727273e-05,0.0,0.0,0.00215,0.0,0.0,0.7169800000000001
0.0,0.04477310924369749,0.0,0.0,0.0,0.0,0.9956571428571427,2.7649769585253457e-05,0.0,0.0,0.0,0.0,0.0,0.0,0.0,0.0,0.0,0.0,0.0006984126984126984,0.0,1.098901098901099e-05,0.0,0.0,7.792207792207793e-05,0.0,0.0,0.0,0.0,0.0,0.0
0.0007987711213517664,0.050730550284629986,0.00014888337468982628,0.0001797990481226864,0.0,8.870967741935484e-05,2.7649769585253457e-05,0.652440166493236,0.0,0.004350703060380478,2.6014568158168572e-05,0.00010752688172043011,0.0,0.0,0.0,0.00035003431708991074,0.0,0.0,0.0,0.00021434634974533106,0.007692307692307693,0.0,0.0,0.008445747800586507,1.6129032258064517e-05,0.07646110056925995,0.0029462365591397845,0.0,0.0007949308755760367,0.01363225806451613
0.014789115646258504,0.000907563025210084,0.0,0.0,0.0,0.0,0.0,0.0,0.9375020408163268,0.0,0.0,0.005107142857142857,0.0,0.0,0.0,0.0,0.0,0.0,0.0,0.0,0.0,0.0,0.0,0.0003636363636363636,0.0005619047619047618,0.0,0.0,0.00016,0.0,0.0
9.768009768009768e-05,0.004796380090497737,0.0,0.00013030685161832703,0.0,0.00023076923076923074,0.0,0.004350703060380478,0.0,0.9492570677186064,1.6542597187758478e-05,2.1367521367521368e-05,0.0,0.0,0.0191232423490488,0.0,0.0,0.0,0.0,1.012145748987854e-05,0.0,0.0,0.0,0.0004195804195804196,1.7094017094017095e-05,0.003574660633484163,0.001606837606837607,0.0,1.8315018315018315e-05,0.0025641025641025637
0.0,0.02721062618595825,0.0,0.0,0.0,3.2258064516129034e-05,0.0,2.6014568158168572e-05,0.0,1.6542597187758478e-05,0.9981269510926114,0.0,0.0,0.0,0.0,0.0,0.0,0.0,0.0,0.0,0.0,0.0,0.0,0.0,0.0,0.0,0.00010752688172043011,0.0,0.0,0.0004774193548387097
0.0,0.0018627450980392157,0.0,4.7814207650273224e-05,0.0,2.0833333333333333e-05,0.0,0.0001075268817204301,0.005107142857142857,2.1367521367521364e-05,0.0,0.7351388888888888,0.0,0.0,0.00029569892473118274,0.0,0.0003191489361702128,0.0,0.0,1.0964912280701754e-05,0.0,0.0,0.0,0.007537878787878787,0.007888888888888885,0.03056372549019607,0.00016666666666666663,0.0,0.01,5e-05
0.00010416666666666667,0.002113970588235294,0.0,0.0,0.0,0.0,0.0,0.0,0.0,0.0,0.0,0.0,0.9880078125,0.0,0.00011088709677419356,0.0,0.0,0.0,0.0,0.0010855263157894736,0.0,0.0,0.0,0.0,0.0,0.0,0.0,0.0,0.0,1.25e-05
0.0,0.04705882352941177,0.0,0.0,0.0,0.0,0.0,0.0,0.0,0.0,0.0,0.0,0.0,0.9999999999999998,0.0,0.0,0.0,0.0,0.0,0.0,0.0,0.0,0.0,0.0,0.0,0.0,0.0,0.0,0.0,0.0
0.0035023041474654374,0.05280834914611005,0.00019851116625310174,0.0013061872025383395,0.0,8.064516129032258e-06,0.0,0.0,0.0,0.019123242349048795,0.0,0.0002956989247311828,0.00011088709677419356,0.0,0.7314464099895941,0.00046671242278654773,0.0001441317776252574,0.0,0.017240143369175627,0.27112478777589133,0.0,0.0,0.0,0.0,0.0001290322580645161,0.0,0.0001075268817204301,0.0,0.050483870967741935,1.2903225806451613e-05
0.0,0.0,0.032831423895253675,0.0,0.0,0.0,0.0,0.00035003431708991074,0.0,0.0,0.0,0.0,0.0,0.0,0.0004667124227865476,0.7275690357627885,0.0,0.0,0.0,0.0,0.0,0.0,0.0,0.0,0.0,0.0,0.0,0.0,0.0,0.0
0.0,0.03554443053817271,0.0,0.0005755144750610394,0.0,0.0002925531914893617,0.0,0.0,0.0,0.0,0.0,0.00031914893617021275,0.0,0.0,0.00014413177762525738,0.0,0.9498053417836123,0.0,0.0,0.0,0.0,0.0,0.0,5.802707930367504e-05,0.0009148936170212766,0.0,0.12370212765957447,0.0,0.0,0.0
0.0,0.01647058823529412,0.0,0.0,0.0,0.0,0.0,0.0,0.0,0.0,0.0,0.0,0.0,0.0,0.0,0.0,0.0,1.0,0.0,0.0,0.0,0.0,0.0,0.0,0.0,0.0,0.0,0.0,0.0,0.0
0.0,0.000326797385620915,0.0,6.830601092896175e-05,0.0,0.0,0.0006984126984126984,0.0,0.0,0.0,0.0,0.0,0.0,0.0,0.017240143369175627,0.0,0.0,0.0,0.9834259259259259,0.0,0.0,0.0,0.0,0.0,0.00010185185185185185,0.0,0.0,0.0,0.0,0.0
0.004229323308270676,0.23389318885448915,0.0,0.0031794650560828296,0.0,0.0,0.0,0.00021434634974533097,0.0,1.0121457489878542e-05,0.0,1.0964912280701754e-05,0.0010855263157894734,0.0,0.27112478777589133,0.0,0.0,0.0,0.0,0.6525173130193904,0.0,0.019036842105263158,0.0,0.0,0.0005307017543859648,1.5479876160990712e-05,0.0,0.0,0.0,0.010863157894736842
0.033021978021978024,0.0007466063348416291,0.0,0.0,0.0,0.0,1.098901098901099e-05,0.007692307692307692,0.0,0.0,0.0,0.0,0.0,0.0,0.0,0.0,0.0,0.0,0.0,0.0,0.6635798816568048,0.000676923076923077,0.3317948717948718,0.0001398601398601399,0.0,6.787330316742082e-05,0.0,0.28616923076923084,0.0,1.5384615384615387e-05
0.0,0.010141176470588235,0.0,0.0,0.0,0.0,0.0,0.0,0.0,0.0,0.0,0.0,0.0,0.0,0.0,0.0,0.0,0.0,0.0,0.019036842105263158,0.000676923076923077,0.9232640000000002,0.0,0.0,0.0,0.0,0.0,0.0,0.0,0.000848
0.0,0.0022745098039215687,0.0,0.0,0.0,0.0,0.0,0.0,0.0,0.0,0.0,0.0,0.0,0.0,0.0,0.0,0.0,0.0,0.0,0.0,0.33179487179487177,0.0,0.9603555555555555,0.0,0.0,0.0,0.0,0.00043999999999999996,0.0,0.0
0.023116883116883112,0.005508021390374332,0.0,5.961251862891207e-05,0.0,2.272727272727273e-05,7.792207792207792e-05,0.00844574780058651,0.0003636363636363636,0.0004195804195804196,0.0,0.007537878787878788,0.0,0.0,0.0,0.0,5.802707930367504e-05,0.0,0.0,0.0,0.00013986013986013986,0.0,0.0,0.882314049586777,0.0009696969696969699,0.02213903743315508,0.00024242424242424242,0.0001818181818181818,0.00032467532467532473,0.00018181818181818183
0.0,0.0069019607843137255,0.0,0.0172568306010929,0.0,0.0,0.0,1.6129032258064517e-05,0.0005619047619047618,1.7094017094017092e-05,0.0,0.007888888888888888,0.0,0.0,0.00012903225806451613,0.0,0.0009148936170212766,0.0,0.00010185185185185186,0.0005307017543859649,0.0,0.0,0.0,0.0009696969696969699,0.8651555555555555,0.0,0.0,0.0,0.0,0.0
0.0003081232492997199,0.026435986159169554,0.0,0.0,0.0,0.0,0.0,0.07646110056925998,0.0,0.0035746606334841626,0.0,0.030563725490196078,0.0,0.0,0.0,0.0,0.0,0.0,0.0,1.5479876160990712e-05,6.78733031674208e-05,0.0,0.0,0.02213903743315508,0.0,0.7483044982698961,0.0,0.0,0.0018907563025210086,0.001035294117647059
0.00012698412698412698,0.016196078431372548,0.0,0.005857923497267761,0.5874326241134751,0.00215,0.0,0.002946236559139785,0.0,0.0016068376068376067,0.0001075268817204301,0.00016666666666666666,0.0,0.0,0.0001075268817204301,0.0,0.12370212765957445,0.0,0.0,0.0,0.0,0.0,0.0,0.00024242424242424242,0.0,0.0,0.6618666666666666,0.0,0.0,0.009600000000000001
0.2554761904761904,0.0009529411764705882,0.0,0.0,0.0,0.0,0.0,0.0,0.00016,0.0,0.0,0.0,0.0,0.0,0.0,0.0,0.0,0.0,0.0,0.0,0.2861692307692308,0.0,0.00044,0.0001818181818181818,0.0,0.0,0.0,0.934008,0.0,0.0
0.0,0.00012605042016806722,0.0,0.0,0.0,0.0,0.0,0.0007949308755760369,0.0,1.8315018315018315e-05,0.0,0.01,0.0,0.0,0.05048387096774193,0.0,0.0,0.0,0.0,0.0,0.0,0.0,0.0,0.0003246753246753247,0.0,0.0018907563025210082,0.0,0.0,0.9933673469387754,0.0
0.0002666666666666667,0.04270588235294118,0.0,0.0005049180327868853,0.0,0.71698,0.0,0.013632258064516128,0.0,0.0025641025641025637,0.00047741935483870966,5e-05,1.25e-05,0.0,1.2903225806451613e-05,0.0,0.0,0.0,0.0,0.010863157894736842,1.5384615384615387e-05,0.000848,0.0,0.00018181818181818183,0.0,0.001035294117647059,0.009600000000000001,0.0,0.0,0.7876160000000001
