1,2,3,4,5,6,7,8,9,10,11
31.378064516129044,4.009394009396016,8.30360201669209,4.065274065276099,3.895093895095843,3.2981932981949464,3.012443012444519,6.455912581352424,4.423414423416636,4.1770341770362664,4.315464315466474
4.009394009396016,0.0,1.0464798134699016,0.6,0.47,0.37,0.36,0.7778174593052022,0.55,0.5,0.51
8.303602016692087,1.0464798134699016,3.2039999999999997,1.0375355415599024,0.9212600067299133,0.8318172876299218,0.7423745685299302,1.6159238843460417,1.126978260659894,1.0688404932448994,1.158283212344891
4.065274065276099,0.6,1.0375355415599024,0.0,0.47,0.4,0.35,0.7848885271170677,0.56,0.52,0.49
3.895093895095843,0.47,0.9212600067299133,0.47,0.0,0.75,0.78,0.8555992052357224,0.55,0.55,0.46
3.2981932981949464,0.37,0.8318172876299218,0.4,0.75,0.0,0.58,0.7071067811865475,0.45,0.43,0.4
3.012443012444519,0.36,0.7423745685299302,0.35,0.78,0.58,0.0,0.6858935777509511,0.43,0.44,0.35
6.455912581352424,0.7778174593052022,1.6159238843460417,0.7848885271170677,0.8555992052357224,0.7071067811865475,0.6858935777509511,0.8199999999999998,1.0606601717798212,1.0818733752154177,0.848528137423857
4.423414423416636,0.55,1.126978260659894,0.56,0.55,0.45,0.43,1.0606601717798212,0.0,0.76,0.59
4.1770341770362664,0.5,1.0688404932448994,0.52,0.55,0.43,0.44,1.0818733752154177,0.76,0.0,0.54
4.315464315466474,0.51,1.158283212344891,0.49,0.46,0.4,0.35,0.848528137423857,0.59,0.54,0.0
