1,2,3,4,5,6,7,8,9,10,11
31.048275862068962,3.4901249854114242,3.2065030904344223,3.205190026105825,5.307172765100143,9.773968089611753,5.582930342293064,4.038985874765068,3.0147956984592295,2.8165229848410482,5.081552929215025
3.4901249854114242,0.0,0.66,0.63,0.5303300858899106,0.9297926036026988,0.67175144212722,0.48,0.3,0.26,0.5161879502661797
3.2065030904344223,0.66,0.0,0.63,0.4666904755831213,0.8541997090008535,0.5868986283848344,0.45,0.26,0.26,0.4384062043356594
3.205190026105825,0.63,0.63,0.0,0.48083261120685233,0.8806572221114993,0.5939696961966998,0.42,0.25,0.25,0.45254833995939037
5.307172765100142,0.5303300858899106,0.4666904755831213,0.48083261120685233,0.7699999999999999,1.5207164664816946,0.9249999999999998,0.6576093065034891,0.4101219330881975,0.38183766184073564,0.7549999999999998
9.773968089611747,0.9297926036026988,0.8541997090008535,0.8806572221114993,1.5207164664816946,3.46,1.62494835082754,1.2019270241693425,0.9789279850938986,0.9675890509036217,1.6276209632466643
5.582930342293062,0.67175144212722,0.5868986283848344,0.5939696961966998,0.9249999999999998,1.6249483508275397,0.7499999999999999,0.8273149339882605,0.43133513652379396,0.417193000900063,0.7499999999999998
4.038985874765068,0.48,0.45,0.42,0.6576093065034891,1.2019270241693425,0.8273149339882605,0.0,0.33,0.32,0.5586143571373725
3.0147956984592295,0.3,0.26,0.25,0.4101219330881975,0.9789279850938986,0.43133513652379396,0.33,0.0,0.29,0.7424621202458749
2.8165229848410482,0.26,0.26,0.25,0.38183766184073564,0.9675890509036217,0.417193000900063,0.32,0.29,0.0,0.5020458146424487
5.081552929215022,0.5161879502661797,0.4384062043356594,0.45254833995939037,0.7549999999999999,1.6276209632466643,0.7499999999999999,0.5586143571373725,0.7424621202458749,0.5020458146424487,0.8299999999999998
