1,2,3,4,5,6,7,8,9,10,11
22.08558139534883,3.4205429325603225,3.438842761000235,16.050860807291265,4.6303392813556465,3.388518232790475,3.2771942764476734,3.3076939905141947,2.787673865680013,2.3652528258586982,2.9172976504627273
3.4205429325603225,0.0,0.58,2.2412831146466083,0.6788225099390855,0.54,0.49,0.46,0.45,0.34,0.41
3.438842761000235,0.58,0.0,2.441324776973901,0.7212489168102785,0.51,0.54,0.5,0.45,0.36,0.43
16.05086080729126,2.2412831146466083,2.441324776973901,13.062500000000004,3.817728655016401,2.2719017364313983,2.292314150954591,2.6781087854429413,2.0473651766762733,2.2086232514094988,2.5107269863527577
4.630339281355644,0.6788225099390855,0.7212489168102785,3.8177286550164,0.6999999999999998,0.6646803743153545,0.6576093065034891,0.7707463914933367,0.6081118318204308,0.6151828996322963,0.7283199846221439
3.388518232790475,0.54,0.51,2.2719017364313983,0.6646803743153545,0.0,0.47,0.46,0.47,0.33,0.44
3.2771942764476734,0.49,0.54,2.292314150954591,0.6576093065034891,0.47,0.0,0.52,0.37,0.3,0.34
3.3076939905141947,0.46,0.5,2.6781087854429413,0.7707463914933367,0.46,0.52,0.0,0.38,0.37,0.46
2.787673865680013,0.45,0.45,2.0473651766762733,0.6081118318204308,0.47,0.37,0.38,0.0,0.28,0.37
2.3652528258586982,0.34,0.36,2.2086232514094988,0.6151828996322963,0.33,0.3,0.37,0.28,0.0,0.46
2.9172976504627273,0.41,0.43,2.5107269863527577,0.7283199846221439,0.44,0.34,0.46,0.37,0.46,0.0
