1,2,3,4,5,6,7,8,9,10,11
33.278461538461556,3.3576202653298743,5.639483064144199,3.908334486905959,4.172528471580973,4.31392806901267,4.318889458396239,3.0996280173843194,3.992678106426619,2.9297004309971033,6.418310585288838
3.3576202653298743,0.0,0.48790367901871773,0.37,0.45,0.46,0.38,0.26,0.33,0.26,0.551543289325507
5.639483064144196,0.48790367901871773,0.7599999999999999,0.7778174593052022,0.6929646455628165,0.7353910524340094,0.7353910524340094,0.42426406871192845,0.5798275605729689,0.4242640687119285,1.0699999999999998
3.908334486905959,0.37,0.7778174593052022,0.0,0.52,0.51,0.51,0.33,0.43,0.31,0.7707463914933368
4.172528471580973,0.45,0.6929646455628165,0.52,0.0,0.61,0.55,0.33,0.41,0.32,0.7212489168102784
4.31392806901267,0.46,0.7353910524340094,0.51,0.61,0.0,0.55,0.34,0.45,0.32,0.7636753236814713
4.318889458396239,0.38,0.7353910524340094,0.51,0.55,0.55,0.0,0.41,0.52,0.34,0.8838834764831843
3.0996280173843194,0.26,0.42426406871192845,0.33,0.33,0.34,0.41,0.0,0.8,0.29,0.6151828996322962
3.992678106426619,0.33,0.5798275605729689,0.43,0.41,0.45,0.52,0.8,0.0,0.38,0.8131727983645295
2.9297004309971033,0.26,0.4242640687119285,0.31,0.32,0.32,0.34,0.29,0.38,0.0,0.5586143571373725
6.41831058528884,0.551543289325507,1.0699999999999998,0.7707463914933368,0.7212489168102784,0.7636753236814713,0.8838834764831843,0.6151828996322962,0.8131727983645295,0.5586143571373725,0.7699999999999999
