1,2,3,4,5,6,7,8,9,10,11
29.417857142857134,2.942546273455792,3.2071349029490928,3.1456648173092354,12.142331177684598,4.812432652589985,3.656133789361965,3.915377194017017,3.9167135002265785,2.771499078631841,4.990075954904321
2.942546273455792,0.0,0.58,0.55,1.081498959777586,0.42426406871192845,0.37,0.31,0.33,0.23,0.42426406871192845
3.2071349029490928,0.58,0.0,0.64,1.2143146215046576,0.4666904755831213,0.38,0.35,0.35,0.24,0.4808326112068523
3.1456648173092354,0.55,0.64,0.0,1.1637181789419635,0.47376154339498683,0.38,0.36,0.37,0.25,0.45254833995939037
12.1423311776846,1.081498959777586,1.2143146215046576,1.1637181789419635,5.562,2.8867637589522284,1.4957573332596437,1.6949808258502514,1.6001124960452002,1.0973103480784276,1.965503752222315
4.812432652589985,0.42426406871192845,0.4666904755831213,0.47376154339498683,2.8867637589522284,0.7899999999999999,0.6363961030678927,0.700035713374682,0.6010407640085653,0.40305086527633205,0.7549999999999999
3.656133789361965,0.37,0.38,0.38,1.4957573332596437,0.6363961030678927,0.0,0.49,0.45,0.27,0.4949747468305832
3.915377194017017,0.31,0.35,0.36,1.6949808258502514,0.700035713374682,0.49,0.0,0.56,0.36,0.685893577750951
3.9167135002265785,0.33,0.35,0.37,1.6001124960452002,0.6010407640085653,0.45,0.56,0.0,0.39,0.6788225099390854
2.771499078631841,0.23,0.24,0.25,1.0973103480784276,0.40305086527633205,0.27,0.36,0.39,0.0,0.5020458146424487
4.990075954904322,0.42426406871192845,0.4808326112068523,0.45254833995939037,1.9655037522223149,0.7549999999999999,0.4949747468305832,0.6858935777509511,0.6788225099390855,0.5020458146424487,0.8299999999999998
