1,2,3,4,5,6,7,8,9,10,11
27.892830188679252,3.034294857626541,3.102975139600884,3.7787891142284353,11.497845603255206,4.851572882474533,6.372962542831006,5.116733922898067,3.9944451996278785,3.9243913120140457,3.830986128528938
3.034294857626541,0.0,0.69,0.49,1.0763955001426162,0.5586143571373725,0.7563288526384099,0.5939696961966998,0.33,0.39,0.47
3.102975139600884,0.69,0.0,0.47,1.1397128825039464,0.5939696961966999,0.7505553499465136,0.5727564927611034,0.35,0.41,0.48
3.7787891142284353,0.49,0.47,0.0,1.4954962691057077,0.7919595949289332,0.9872689603142601,0.8202438661763951,0.51,0.54,0.61
11.497845603255207,1.0763955001426162,1.1397128825039464,1.4954962691057077,5.301818181818182,1.9891626835978453,2.551978436310531,2.091499027448538,1.8874610170568005,1.700523983418587,1.5588136514670379
4.851572882474535,0.5586143571373725,0.5939696961966999,0.7919595949289332,1.9891626835978453,0.7799999999999998,1.3268069440075547,1.025,0.6646803743153546,0.7353910524340093,1.088944443027283
6.372962542831008,0.7563288526384099,0.7505553499465136,0.9872689603142601,2.551978436310531,1.3268069440075547,1.4800000000000004,1.767715097708527,0.8544783984006462,0.9179869280115052,1.0161364737737415
5.116733922898067,0.5939696961966998,0.5727564927611034,0.8202438661763951,2.091499027448538,1.025,1.767715097708527,0.7199999999999999,0.6858935777509511,0.7495331880577403,0.7919595949289332
3.9944451996278785,0.33,0.35,0.51,1.8874610170568005,0.6646803743153546,0.8544783984006462,0.6858935777509511,0.0,0.56,0.52
3.9243913120140457,0.39,0.41,0.54,1.700523983418587,0.7353910524340093,0.9179869280115052,0.7495331880577403,0.56,0.0,0.57
3.830986128528938,0.47,0.48,0.61,1.5588136514670379,1.088944443027283,1.0161364737737415,0.7919595949289332,0.52,0.57,0.0
