1,2,3,4,5,6,7,8,9,10,11
5.876,9.43472666451141,1.5147309992206537,1.893949576942322,1.2870470076885303,0.9044114108081567,1.1447445129809533,3.8859999999999997,1.2490996757665098,0.9138982437886616,1.5987886039123493
9.434726664511409,25.600851063829786,3.653918037022259,5.276751095859988,3.5095116954393437,2.5686825002779226,3.3461429049617,11.330067031406752,3.6539180370222595,3.0748340207756164,4.386634560338647
1.5147309992206537,3.653918037022259,0.0,0.7353910524340094,0.54,0.37,0.47,1.527380109861327,0.51,0.4,0.6363961030678927
1.893949576942322,5.276751095859988,0.7353910524340094,0.5999999999999999,0.6858935777509511,0.5586143571373725,0.7071067811865475,2.392592735924775,0.7778174593052022,0.6929646455628166,0.9399999999999998
1.2870470076885303,3.5095116954393437,0.54,0.6858935777509511,0.0,0.33,0.43,1.4736213896384647,0.46,0.38,0.551543289325507
0.9044114108081567,2.5686825002779226,0.37,0.5586143571373725,0.33,0.0,0.8,1.4989196109198117,0.36,0.31,0.7424621202458749
1.1447445129809533,3.3461429049617,0.47,0.7071067811865475,0.43,0.8,0.0,1.897366596101028,0.49,0.41,0.9333809511662428
3.8859999999999997,11.330067031406756,1.527380109861327,2.392592735924775,1.4736213896384647,1.4989196109198117,1.897366596101028,6.244,1.6570334939282307,1.4198626694156022,2.4686190471597675
1.2490996757665098,3.6539180370222595,0.51,0.7778174593052022,0.46,0.36,0.49,1.6570334939282307,0.0,0.51,0.6788225099390854
0.9138982437886616,3.0748340207756164,0.4,0.6929646455628166,0.38,0.31,0.41,1.4198626694156022,0.51,0.0,0.5374011537017761
1.5987886039123496,4.386634560338648,0.6363961030678927,0.9399999999999998,0.551543289325507,0.7424621202458749,0.9333809511662426,2.468619047159768,0.6788225099390855,0.5374011537017761,0.8299999999999998
