1,2,3,4,5,6,7,8,9,10,11
32.84156250000001,3.0374999999999988,3.328750000000001,3.2612499999999995,4.121250000000001,7.334513482217709,4.235,3.3475000000000006,3.7650000000000006,5.969749000167428,4.3500000000000005
3.0374999999999988,0.0,0.58,0.55,0.34,0.6524058041842772,0.44,0.34,0.31,0.4666904755831213,0.36
3.328750000000001,0.58,0.0,0.64,0.4,0.7043673284113435,0.48,0.39,0.32,0.49497474683058323,0.36
3.2612499999999995,0.55,0.64,0.0,0.38,0.6870468203356548,0.47,0.37,0.32,0.48790367901871773,0.38
4.121250000000001,0.34,0.4,0.38,0.0,1.004589468389949,0.52,0.41,0.54,0.7566042558696058,0.55
7.33451348221771,0.6524058041842772,0.7043673284113435,0.6870468203356548,1.004589468389949,1.1400000000000001,0.9930424630061565,0.8082903768654761,0.8140638795573724,1.2288273542962278,0.9641749495466752
4.235,0.44,0.48,0.47,0.52,0.9930424630061565,0.0,0.69,0.46,0.6646803743153545,0.53
3.3475000000000006,0.34,0.39,0.37,0.41,0.8082903768654761,0.69,0.0,0.37,0.551543289325507,0.41
3.7650000000000006,0.31,0.32,0.32,0.54,0.8140638795573724,0.46,0.37,0.0,0.7283199846221439,0.49
5.969749000167428,0.4666904755831213,0.49497474683058323,0.48790367901871773,0.7566042558696058,1.2288273542962278,0.6646803743153545,0.551543289325507,0.7283199846221439,0.7099999999999999,0.7848885271170677
4.3500000000000005,0.36,0.36,0.38,0.55,0.9641749495466752,0.53,0.41,0.49,0.7848885271170677,0.0
