1,2,3,4,5,6,7,8,9,10,11
15.592666666666663,4.329995381059891,2.3716386739973694,2.87006620132707,15.614048662923661,2.740438529384181,4.153129141583086,2.853634524601915,1.8074844397670478,1.8805141141010704,2.6929692410670665
4.3299953810598915,0.7299999999999998,0.7848885271170678,0.8414570696119914,4.0434722770850735,0.714177848998413,1.0799999999999998,0.7495331880577404,0.48790367901871773,0.5020458146424487,0.7212489168102784
2.3716386739973694,0.7848885271170678,0.0,0.43,2.026666666666667,0.35,0.5656854249492379,0.36,0.23,0.22,0.36
2.87006620132707,0.8414570696119914,0.43,0.0,3.023333333333333,0.54,0.7707463914933367,0.54,0.37,0.36,0.52
15.614048662923654,4.0434722770850735,2.026666666666667,3.023333333333333,20.673333333333332,2.8666666666666667,4.017545028441567,3.3066666666666666,2.673333333333333,2.6583333333333328,3.3533333333333335
2.740438529384181,0.714177848998413,0.35,0.54,2.8666666666666667,0.0,0.6788225099390855,0.51,0.33,0.3,0.47
4.153129141583086,1.0799999999999998,0.5656854249492379,0.7707463914933367,4.017545028441567,0.6788225099390855,0.7899999999999999,0.7283199846221439,0.4242640687119285,0.4666904755831213,0.700035713374682
2.853634524601915,0.7495331880577404,0.36,0.54,3.3066666666666666,0.51,0.7283199846221439,0.0,0.41,0.4,0.59
1.8074844397670478,0.48790367901871773,0.23,0.37,2.673333333333333,0.33,0.4242640687119285,0.41,0.0,0.32,0.33
1.8805141141010704,0.5020458146424487,0.22,0.36,2.6583333333333328,0.3,0.4666904755831213,0.4,0.32,0.0,0.42
2.6929692410670665,0.7212489168102784,0.36,0.52,3.3533333333333335,0.47,0.700035713374682,0.59,0.33,0.42,0.0
