1,2,3,4,5,6,7,8,9,10,11
30.502333333333336,3.453410150368279,3.1603544105052492,3.164227393851457,3.953025002029038,5.219795973024233,10.499288878035715,3.7348469401926865,4.132473230403315,5.906274911764039,2.811785909346584
3.453410150368279,0.0,0.7,0.66,0.47,0.5444722215136416,1.0206207261596578,0.4,0.5,0.5586143571373725,0.26
3.1603544105052492,0.7,0.0,0.66,0.42,0.4879036790187178,0.9226411364483306,0.37,0.47,0.49497474683058323,0.22
3.164227393851457,0.66,0.66,0.0,0.43,0.4666904755831213,0.9348885851622465,0.37,0.47,0.5232590180780451,0.26
3.953025002029038,0.47,0.42,0.43,0.0,0.6646803743153545,1.3104770123890006,0.48,0.59,0.6646803743153545,0.27
5.219795973024231,0.5444722215136416,0.4879036790187178,0.4666904755831213,0.6646803743153545,0.7999999999999999,1.7176170508391368,0.7636753236814713,0.6929646455628165,0.9099999999999998,0.3889087296526011
10.499288878035713,1.0206207261596578,0.9226411364483306,0.9348885851622465,1.3104770123890006,1.7176170508391368,3.5033333333333347,1.3308894269121938,1.3513018414353868,1.9831981746663647,0.9634659654947169
3.7348469401926865,0.4,0.37,0.37,0.48,0.7636753236814713,1.3308894269121938,0.0,0.49,0.700035713374682,0.31
4.132473230403315,0.5,0.47,0.47,0.59,0.6929646455628165,1.3513018414353868,0.49,0.0,0.700035713374682,0.32
5.906274911764039,0.5586143571373725,0.49497474683058323,0.5232590180780451,0.6646803743153545,0.9099999999999998,1.9831981746663647,0.700035713374682,0.700035713374682,0.7399999999999999,0.6363961030678927
2.811785909346584,0.26,0.22,0.26,0.27,0.3889087296526011,0.9634659654947169,0.31,0.32,0.6363961030678927,0.0
