1,2,3,4,5,6,7,8,9,10,11
4.779999999999999,9.077252368439737,1.6334166645409247,1.371787155501902,1.3364318164425746,1.4707821048680187,2.292314150954591,1.4106780284671623,0.8131727983645295,0.7636753236814713,1.2091525958289964
9.077252368439735,31.07413793103447,2.7075386455674773,4.01403765252172,3.957575886392039,3.901114120262358,6.460511527379416,4.066560225665609,3.431037090624551,2.880863136942312,4.62855175830522
1.6334166645409247,2.7075386455674773,0.0,0.4,0.43,0.45,0.7043673284113435,0.43,0.24,0.23,0.37
1.371787155501902,4.01403765252172,0.4,0.0,0.55,0.59,0.9006664199358164,0.57,0.36,0.31,0.55
1.3364318164425746,3.957575886392039,0.43,0.55,0.0,0.59,0.9122134253196088,0.56,0.4,0.32,0.55
1.4707821048680187,3.901114120262358,0.45,0.59,0.59,0.0,0.9988159656980528,0.6,0.37,0.31,0.57
2.292314150954591,6.460511527379414,0.7043673284113435,0.9006664199358164,0.9122134253196088,0.9988159656980528,1.546666666666667,1.004589468389949,0.6754998149518623,0.5022947341949745,0.9122134253196088
1.4106780284671623,4.066560225665609,0.43,0.57,0.56,0.6,1.004589468389949,0.0,0.39,0.32,0.57
0.8131727983645295,3.431037090624551,0.24,0.36,0.4,0.37,0.6754998149518623,0.39,0.0,0.35,0.5
0.7636753236814713,2.880863136942312,0.23,0.31,0.32,0.31,0.5022947341949745,0.32,0.35,0.0,0.42
1.2091525958289964,4.62855175830522,0.37,0.55,0.55,0.57,0.9122134253196088,0.57,0.5,0.42,0.0
