1,2,3,4,5,6,7,8,9,10,11
27.21851851851852,3.1026870075253585,3.945039313515797,3.7654100657116976,3.8048740671232038,13.377281788747505,5.261585453214789,3.882441242311338,4.377277290906013,2.8672638266911976,3.4129557082778943
3.1026870075253585,0.0,0.47,0.41,0.48,1.3048116083685541,0.5798275605729689,0.4,0.40305086527633205,0.29,0.32
3.945039313515797,0.47,0.0,0.65,0.63,1.8648413694824915,0.8626702730475879,0.57,0.6434671708797581,0.39,0.5
3.7654100657116976,0.41,0.65,0.0,0.59,1.8244268506392174,0.7707463914933367,0.54,0.5939696961966998,0.36,0.43
3.8048740671232038,0.48,0.63,0.59,0.0,1.766691823720255,0.8202438661763951,0.54,0.565685424949238,0.35,0.45
13.377281788747503,1.3048116083685541,1.8648413694824915,1.8244268506392174,1.766691823720255,7.2566666666666695,2.3984587064751954,2.0005186827420536,2.569922988470018,1.4116214081686351,1.7118435481472407
5.26158545321479,0.5798275605729689,0.8626702730475879,0.7707463914933367,0.8202438661763951,2.3984587064751954,0.7199999999999999,0.7495331880577403,0.7149999999999999,0.49497474683058323,0.6505382386916236
3.882441242311338,0.4,0.57,0.54,0.54,2.0005186827420536,0.7495331880577403,0.0,0.6576093065034891,0.4,0.47
4.3772772909060125,0.40305086527633205,0.6434671708797581,0.5939696961966998,0.5656854249492379,2.569922988470018,0.7149999999999999,0.6576093065034891,0.7999999999999999,0.5161879502661796,0.5727564927611034
2.8672638266911976,0.29,0.39,0.36,0.35,1.4116214081686351,0.49497474683058323,0.4,0.5161879502661797,0.0,0.46
3.4129557082778943,0.32,0.5,0.43,0.45,1.7118435481472407,0.6505382386916236,0.47,0.5727564927611034,0.46,0.0
