1,2,3,4,5,6,7,8,9,10,11
16.011999999999997,2.5815989877076824,2.5103950552320113,2.5122207970903614,15.778751960423591,3.8820203073485673,3.028905743003569,2.9344303819764854,2.8499830408852156,1.663250832957354,3.098386676965934
2.5815989877076824,0.0,0.66,0.64,2.111195328311834,0.5586143571373725,0.47,0.3959797974644666,0.37,0.22,0.44547727214752486
2.5103950552320113,0.66,0.0,0.63,2.1788076686901157,0.5586143571373725,0.47,0.417193000900063,0.39,0.26,0.4384062043356594
2.5122207970903614,0.64,0.63,0.0,2.1821882857090302,0.5868986283848344,0.47,0.40305086527633205,0.38,0.25,0.45254833995939037
15.778751960423593,2.111195328311834,2.1788076686901157,2.1821882857090302,20.381714285714285,3.8617836367594256,3.0543874765888597,4.098438901407635,3.701775635710901,2.4813728918829248,4.3004325363851486
3.882020307348567,0.5586143571373725,0.5586143571373725,0.5868986283848344,3.861783636759425,0.7799999999999998,1.088944443027283,0.7349999999999999,0.6858935777509511,0.3889087296526011,0.7649999999999999
3.028905743003569,0.47,0.47,0.47,3.0543874765888597,1.088944443027283,0.0,0.5727564927611034,0.56,0.32,0.5868986283848343
2.934430381976485,0.3959797974644666,0.417193000900063,0.40305086527633205,4.098438901407636,0.7349999999999999,0.5727564927611034,0.7999999999999999,0.7353910524340094,0.4737615433949868,1.1849999999999998
2.8499830408852156,0.37,0.39,0.38,3.701775635710901,0.6858935777509511,0.56,0.7353910524340094,0.0,0.46,0.7495331880577403
1.663250832957354,0.22,0.26,0.25,2.4813728918829248,0.3889087296526011,0.32,0.4737615433949868,0.46,0.0,0.5020458146424487
3.0983866769659323,0.4454772721475249,0.4384062043356594,0.45254833995939037,4.3004325363851486,0.7649999999999998,0.5868986283848343,1.1849999999999998,0.7495331880577404,0.5020458146424487,0.8299999999999998
