1,2,3,4,5,6,7,8,9,10,11
4.544999999999999,1.880904037956216,1.8384776310850233,8.864440422803572,1.4778531726798843,2.8142608773378286,1.2409724009823908,1.1525840533340723,0.9192388155425117,0.9970205614730321,1.4299999999999997
1.880904037956216,0.0,0.68,3.0851182662875556,0.5,1.001605853474452,0.42,0.39,0.33,0.32,0.5161879502661797
1.8384776310850233,0.68,0.0,3.0851182662875565,0.51,0.9524704719832525,0.43,0.41,0.34,0.35,0.4949747468305832
8.864440422803572,3.0851182662875556,3.0851182662875565,28.878490566037744,3.8309861285289366,9.257913115603575,4.027411734975563,4.11257528462375,3.457365394588503,3.576869085223862,4.999208333552838
1.4778531726798843,0.5,0.51,3.8309861285289366,0.0,1.2548420503906341,0.54,0.51,0.39,0.45,0.5586143571373725
2.814260877337828,1.001605853474452,0.9524704719832525,9.257913115603577,1.2548420503906341,4.571428571428571,1.3720110370234946,1.2435031162003576,1.096096971726759,1.0771987480762975,1.4592463808418368
1.2409724009823908,0.42,0.43,4.027411734975563,0.54,1.3720110370234946,0.0,0.54,0.52,0.47,0.700035713374682
1.1525840533340723,0.39,0.41,4.11257528462375,0.51,1.2435031162003576,0.54,0.0,0.7,0.71,0.6434671708797581
0.9192388155425117,0.33,0.34,3.457365394588503,0.39,1.096096971726759,0.52,0.7,0.0,0.55,0.5586143571373725
0.9970205614730321,0.32,0.35,3.576869085223862,0.45,1.0771987480762975,0.47,0.71,0.55,0.0,0.5727564927611035
1.4299999999999997,0.5161879502661797,0.49497474683058323,4.999208333552838,0.5586143571373725,1.459246380841837,0.700035713374682,0.6434671708797581,0.5586143571373725,0.5727564927611034,0.8299999999999998
