1,2,3,4,5,6,7,8,9,10,11
13.276800000000001,2.692000000000001,2.330000000000001,8.473192550626951,11.40031707415651,2.728,2.8800000000000003,6.294620333495671,3.041973372664528,1.7620000000000005,4.13613732847448
2.692000000000001,0.0,0.56,1.4404889216281165,1.893310879638239,0.42,0.49,0.9827076298239907,0.4949747468305832,0.28,0.7043673284113435
2.330000000000001,0.56,0.0,1.2066620626063183,1.6180718530829001,0.37,0.43,0.8655386431911304,0.41012193308819755,0.22,0.5600297611139371
8.473192550626951,1.4404889216281165,1.2066620626063183,6.980000000000001,8.004455371672796,1.911029391017662,1.9283498990933503,4.356720178561588,2.0779837984610627,1.177794549146837,2.9533333333333345
11.400317074156506,1.893310879638239,1.6180718530829001,8.004455371672798,13.420869565217393,2.8629029050036365,2.3770643202506525,7.186778794494359,3.3705231177009485,1.935013762449654,5.141679785293202
2.728,0.42,0.37,1.911029391017662,2.8629029050036365,0.0,0.55,1.5307561156873701,0.7071067811865475,0.39,0.9757219549304676
2.8800000000000003,0.49,0.43,1.9283498990933503,2.3770643202506525,0.55,0.0,1.3115367213420184,0.6010407640085653,0.32,0.8948929172439201
6.294620333495672,0.9827076298239907,0.8655386431911304,4.356720178561588,7.186778794494359,1.5307561156873701,1.3115367213420184,3.908571428571428,2.3572441536675823,1.3795703264836792,2.612068146124829
3.041973372664527,0.49497474683058323,0.41012193308819755,2.077983798461063,3.3705231177009476,0.7071067811865475,0.6010407640085653,2.3572441536675828,0.6999999999999998,0.9263098833543771,1.2451572859147821
1.7620000000000005,0.28,0.22,1.177794549146837,1.935013762449654,0.39,0.32,1.3795703264836792,0.9263098833543773,0.0,0.7505553499465136
4.136137328474479,0.7043673284113435,0.5600297611139371,2.9533333333333345,5.141679785293203,0.9757219549304676,0.8948929172439201,2.6120681461248285,1.2451572859147824,0.7505553499465136,1.4933333333333336
