1,2,3,4,5,6,7,8,9,10,11
32.744062500000005,3.2612499999999995,3.2687500000000007,4.288749999999999,4.173750000000002,4.108750000000001,7.03068290305667,4.417499999999997,4.980683389982744,3.7675000000000005,4.331250000000001
3.2612499999999995,0.0,0.66,0.46,0.43,0.49,0.7274613391789285,0.36,0.39597979746446654,0.3,0.36
3.2687500000000007,0.66,0.0,0.45,0.42,0.48,0.7216878364870323,0.37,0.417193000900063,0.3,0.38
4.288749999999999,0.46,0.45,0.0,0.59,0.63,1.0565509926170153,0.57,0.6434671708797581,0.5,0.54
4.173750000000002,0.43,0.42,0.59,0.0,0.59,0.917986928011505,0.51,0.5868986283848343,0.46,0.53
4.108750000000001,0.49,0.48,0.63,0.59,0.0,1.004589468389949,0.54,0.565685424949238,0.45,0.49
7.030682903056668,0.7274613391789285,0.7216878364870323,1.0565509926170153,0.917986928011505,1.004589468389949,1.526666666666667,0.9410809387790902,0.8940637561158601,0.8082903768654761,0.8544783984006463
4.417499999999997,0.36,0.37,0.57,0.51,0.54,0.9410809387790902,0.0,0.7071067811865475,0.5,0.55
4.980683389982745,0.3959797974644666,0.417193000900063,0.6434671708797581,0.5868986283848344,0.5656854249492379,0.89406375611586,0.7071067811865475,0.7999999999999999,0.5727564927611034,0.7495331880577403
3.7675000000000005,0.3,0.3,0.5,0.46,0.45,0.8082903768654761,0.5,0.5727564927611034,0.0,0.51
4.331250000000001,0.36,0.38,0.54,0.53,0.49,0.8544783984006463,0.55,0.7495331880577403,0.51,0.0
