1,2,3,4,5,6,7,8,9,10,11
28.93054545454545,3.9629467915589376,10.919790439029644,3.8712556102639373,3.2671725334968715,4.463158380258617,3.2078429456001047,5.95006743022652,3.9036172036621717,4.714872503819453,3.780912828693861
3.9629467915589376,0.0,1.4333333333333333,0.49,0.45,0.5232590180780451,0.41,0.7274613391789285,0.53,0.5586143571373725,0.47
10.919790439029644,1.4333333333333333,5.053333333333333,1.5566666666666664,1.1366666666666667,1.920973422223454,1.8066666666666666,2.6692827445533704,1.6199999999999997,1.9822560099262878,1.563333333333333
3.8712556102639373,0.49,1.5566666666666664,0.0,0.38,0.6151828996322963,0.46,0.8140638795573725,0.57,0.685893577750951,0.52
3.2671725334968715,0.45,1.1366666666666667,0.38,0.0,0.4666904755831213,0.33,0.5715767664977296,0.45,0.4879036790187178,0.35
4.463158380258617,0.5232590180780451,1.920973422223454,0.6151828996322963,0.4666904755831213,0.7999999999999999,0.5303300858899106,1.1716725936312868,0.5586143571373725,1.1849999999999998,0.7707463914933367
3.2078429456001047,0.41,1.8066666666666666,0.46,0.33,0.5303300858899106,0.0,0.8025168741735799,0.51,0.5586143571373725,0.44
5.950067430226521,0.7274613391789285,2.66928274455337,0.8140638795573725,0.5715767664977296,1.1716725936312868,0.8025168741735799,1.266666666666667,0.871798906476335,1.19208500815448,1.0623244953089115
3.9036172036621717,0.53,1.6199999999999997,0.57,0.45,0.5586143571373725,0.51,0.871798906476335,0.0,0.6151828996322963,0.53
4.714872503819454,0.5586143571373725,1.982256009926288,0.6858935777509511,0.48790367901871773,1.1849999999999998,0.5586143571373725,1.19208500815448,0.6151828996322963,0.8299999999999998,0.7848885271170678
3.780912828693861,0.47,1.563333333333333,0.52,0.35,0.7707463914933367,0.44,1.0623244953089115,0.53,0.7848885271170678,0.0
