1,2,3,4,5,6,7,8,9,10,11
0.7305555555555554,0.6866666666666666,0.4220833333333333,0.5783333333333334,0.6683333333333332,0.5266666666666666,0.46833333333333327,0.4275,0.5066666666666666,0.3966666666666666,0.27166666666666667
0.6866666666666666,1.0,0.4170000000000002,0.56,0.68,0.5,0.475,0.41000000000000003,0.5,0.39,0.26
0.4220833333333335,0.4170000000000002,0.550372222222222,0.35650000000000004,0.38766666666666677,0.5150000000000002,0.5045000000000002,0.5889999999999997,0.5305000000000002,0.42033333333333345,0.37683333333333346
0.5783333333333334,0.56,0.35650000000000004,1.0,0.58,0.45,0.405,0.37,0.44,0.34,0.23
0.6683333333333332,0.68,0.38766666666666677,0.58,1.0,0.47,0.42,0.385,0.48,0.39,0.24
0.5266666666666666,0.5,0.5150000000000002,0.45,0.47,1.0,0.5549999999999999,0.53,0.61,0.51,0.31
0.4683333333333333,0.475,0.5044999999999998,0.405,0.42,0.5549999999999999,0.875,0.5,0.575,0.47,0.29500000000000004
0.42750000000000005,0.41000000000000003,0.589,0.37,0.385,0.53,0.5,0.875,0.535,0.42000000000000004,0.4
0.5066666666666666,0.5,0.5305000000000002,0.44,0.48,0.61,0.575,0.535,1.0,0.69,0.32
0.3966666666666666,0.39,0.42033333333333345,0.34,0.39,0.51,0.47,0.42000000000000004,0.69,1.0,0.24
0.27166666666666667,0.26,0.37683333333333346,0.23,0.24,0.31,0.29500000000000004,0.4,0.32,0.24,1.0
