1,2,3,4,5,6,7,8,9,10,11
15.978,3.260774959014088,2.603507890007889,8.43797418420638,13.232611840953144,4.9552890934838505,2.923012715219237,1.9535437884350921,2.4373653808979894,4.862528948785579,3.050814645303775
3.260774959014088,0.0,0.6,1.5653274417833476,2.4020000000000006,0.9814954576223639,0.56,0.37,0.45,0.9179869280115052,0.53
2.603507890007889,0.6,0.0,1.1447445129809533,1.7540000000000004,0.7505553499465135,0.4,0.29,0.32,0.6466323014923809,0.4
8.43797418420638,1.5653274417833476,1.1447445129809533,6.224,7.334586804994539,2.632719759741499,1.6760071598892414,1.075174404457249,1.3123452289698774,2.7148781433672737,1.6443843832875573
13.232611840953146,2.4020000000000006,1.7540000000000004,7.334586804994541,13.866399999999997,3.9017331191834925,2.666000000000001,2.2660000000000005,2.568,5.271207957701283,2.938000000000001
4.9552890934838505,0.9814954576223639,0.7505553499465135,2.632719759741499,3.9017331191834925,1.546666666666667,0.9295339333952976,0.5715767664977296,0.739008344562721,1.4200000000000004,0.8891194145520238
2.923012715219237,0.56,0.4,1.6760071598892414,2.666000000000001,0.9295339333952976,0.0,0.4,0.47,0.9641749495466752,0.62
1.9535437884350921,0.37,0.29,1.075174404457249,2.2660000000000005,0.5715767664977296,0.4,0.0,0.46,0.7332348418708248,0.43
2.4373653808979894,0.45,0.32,1.3123452289698774,2.568,0.739008344562721,0.47,0.46,0.0,0.8891194145520238,0.51
4.86252894878558,0.9179869280115052,0.6466323014923809,2.7148781433672733,5.271207957701283,1.4200000000000004,0.9641749495466752,0.7332348418708248,0.8891194145520238,1.4733333333333336,1.0219099764656379
3.050814645303775,0.53,0.4,1.6443843832875573,2.938000000000001,0.8891194145520238,0.62,0.43,0.51,1.0219099764656379,0.0
