1,2,3,4,5,6,7,8,9,10,11
3.3833333333333337,1.6819829567111158,8.008468174376423,1.4166215679096048,1.6370756447600907,1.2900645978658072,1.6223542564228486,1.4809034404713899,1.2410748030101437,0.9716309313039941,0.6654447134560968
1.6819829567111158,0.0,3.2300681107369846,0.56,0.68,0.5,0.67175144212722,0.5798275605729689,0.5,0.39,0.26
8.00846817437642,3.2300681107369846,32.022333333333336,2.7614371258458865,3.002853087759482,3.9891728465936405,5.526520605227126,6.452171727410854,4.1092353303260705,3.2558879997117005,2.9189384485916556
1.4166215679096048,0.56,2.7614371258458865,0.0,0.58,0.45,0.5727564927611034,0.5232590180780451,0.44,0.34,0.23
1.6370756447600907,0.68,3.002853087759482,0.58,0.0,0.47,0.5939696961966998,0.5444722215136416,0.48,0.39,0.24
1.2900645978658072,0.5,3.9891728465936405,0.45,0.47,0.0,0.7848885271170677,0.7495331880577404,0.61,0.51,0.31
1.6223542564228488,0.67175144212722,5.526520605227123,0.5727564927611034,0.5939696961966998,0.7848885271170677,0.7499999999999999,0.9999999999999998,0.8131727983645296,0.6646803743153545,0.417193000900063
1.48090344047139,0.5798275605729689,6.452171727410855,0.5232590180780451,0.5444722215136416,0.7495331880577404,0.9999999999999999,0.7499999999999999,0.7566042558696058,0.5939696961966999,0.565685424949238
1.2410748030101437,0.5,4.1092353303260705,0.44,0.48,0.61,0.8131727983645296,0.7566042558696058,0.0,0.69,0.32
0.9716309313039941,0.39,3.2558879997117005,0.34,0.39,0.51,0.6646803743153545,0.5939696961966999,0.69,0.0,0.24
0.6654447134560968,0.26,2.9189384485916556,0.23,0.24,0.31,0.417193000900063,0.565685424949238,0.32,0.24,0.0
