1,2,3,4,5,6,7,8,9,10,11
5.237777777777777,8.551717753949193,1.5266666666666664,1.0766666666666667,1.21,3.053522783423907,1.2066666666666666,2.2786090624017232,1.5509208734024937,2.5237753906047624,1.2599999999999998
8.551717753949196,24.324,3.5702552040746647,3.4509982452746755,3.6537350752346565,9.615959318295346,3.4793217729896733,5.998820871792379,4.782417914727979,8.023333333333333,3.589634459879663
1.5266666666666664,3.5702552040746647,0.0,0.47,0.52,1.2869343417595163,0.49,0.9641749495466752,0.6788225099390857,1.0241191336949036,0.51
1.0766666666666667,3.4509982452746755,0.47,0.0,0.75,1.347038418160373,0.49,0.7967433714816836,0.685893577750951,1.019646997739904,0.48
1.21,3.6537350752346565,0.52,0.75,0.0,1.347038418160373,0.46,0.8660254037844388,0.6576093065034891,1.0285912696499033,0.5
3.0535227834239076,9.615959318295346,1.2869343417595163,1.347038418160373,1.347038418160373,4.047499999999999,1.5945257915756645,2.1984170441479027,2.3149999999999995,3.302999016045872,1.5167440456451444
1.2066666666666666,3.4793217729896733,0.49,0.49,0.46,1.5945257915756645,0.0,0.7794228634059949,0.8485281374238569,1.234309523579884,0.7
2.2786090624017232,5.99882087179238,0.9641749495466752,0.7967433714816836,0.8660254037844388,2.1984170441479023,0.7794228634059949,1.4733333333333338,1.1635076278220096,1.727350572408508,0.84870489570875
1.550920873402494,4.782417914727978,0.6788225099390855,0.6858935777509511,0.6576093065034891,2.3149999999999995,0.848528137423857,1.1635076278220096,0.7099999999999999,1.710792214151093,0.7636753236814713
2.5237753906047624,8.023333333333332,1.0241191336949036,1.019646997739904,1.0285912696499033,3.302999016045872,1.234309523579884,1.727350572408508,1.710792214151093,2.708,1.1985324359398875
1.2599999999999998,3.589634459879663,0.51,0.48,0.5,1.5167440456451444,0.7,0.84870489570875,0.7636753236814713,1.1985324359398872,0.0
