1,2,3,4,5,6,7,8,9,10,11
17.995555555555555,2.8816666666666664,2.8466666666666667,3.129999999999999,3.058333333333333,15.172524794965609,2.7466666666666666,6.711185356469369,3.083333333333334,5.723465668566489,3.193333333333333
2.8816666666666664,0.0,0.68,0.51,0.47,1.9729283194901317,0.35,1.028591269649903,0.48,0.7332348418708248,0.39
2.8466666666666667,0.68,0.0,0.47,0.49,2.0023457397608593,0.33,0.9838699100999075,0.48,0.7274613391789285,0.4
3.129999999999999,0.51,0.47,0.0,0.56,2.576966015715738,0.55,1.1761717561648894,0.55,0.9410809387790902,0.52
3.058333333333333,0.47,0.49,0.56,0.0,2.4534128505786823,0.46,1.2745587471748798,0.6,0.9006664199358163,0.52
15.172524794965609,1.9729283194901317,2.0023457397608593,2.576966015715738,2.4534128505786823,13.767692307692313,2.51420885247152,5.448284415935266,2.5004807230118473,5.164315552733503,2.85545092761196
2.7466666666666666,0.35,0.33,0.55,0.46,2.51420885247152,0.0,1.050951949424901,0.45,0.8660254037844387,0.48
6.711185356469366,1.028591269649903,0.9838699100999075,1.1761717561648894,1.2745587471748798,5.448284415935266,1.050951949424901,2.9759999999999995,1.3192801067248758,1.9907134399506126,1.0688404932448996
3.083333333333334,0.48,0.48,0.55,0.6,2.5004807230118473,0.45,1.3192801067248758,0.0,0.9179869280115052,0.48
5.72346566856649,0.7332348418708248,0.7274613391789285,0.94108093877909,0.9006664199358163,5.164315552733502,0.8660254037844388,1.9907134399506126,0.9179869280115052,1.546666666666667,1.0161364737737415
3.193333333333333,0.39,0.4,0.52,0.52,2.85545092761196,0.48,1.0688404932448996,0.48,1.0161364737737415,0.0
