1,2,3,4,5,6,7,8,9,10,11
5.379999999999999,1.7233333333333332,9.357958035854992,1.4633333333333332,1.4633333333333332,2.463361148542403,2.5095491700775736,1.8384776310850233,1.0,1.0599999999999998,0.8200000000000001
1.7233333333333332,0.0,2.5923766444455314,0.4,0.42,0.7043673284113435,0.6985938257194473,0.5161879502661797,0.27,0.31,0.23
9.357958035854994,2.5923766444455314,29.112222222222226,3.8810804146764584,3.7327502024745884,6.2209683260389825,6.598091942671809,6.1574406209073596,3.506852815084584,3.5830591626378374,2.8101090660262575
1.4633333333333332,0.4,3.8810804146764584,0.0,0.56,0.9006664199358164,0.9468544414709864,0.7566042558696058,0.43,0.46,0.31
1.4633333333333332,0.42,3.7327502024745884,0.56,0.0,0.94108093877909,1.0161364737737415,0.7636753236814713,0.4,0.43,0.27
2.4633611485424036,0.7043673284113435,6.220968326038983,0.9006664199358164,0.94108093877909,1.546666666666667,1.6733333333333338,1.2900645978658072,0.6812733176437585,0.739008344562721,0.5022947341949745
2.5095491700775736,0.6985938257194473,6.59809194267181,0.9468544414709864,1.0161364737737415,1.6733333333333338,1.486666666666667,1.3308894269121936,0.6985938257194473,0.7967433714816836,0.536935750346352
1.838477631085023,0.5161879502661797,6.1574406209073596,0.7566042558696058,0.7636753236814713,1.2900645978658072,1.3308894269121936,0.7899999999999999,0.7848885271170677,0.7778174593052022,0.5586143571373725
1.0,0.27,3.506852815084584,0.43,0.4,0.6812733176437585,0.6985938257194473,0.7848885271170677,0.0,0.55,0.37
1.0599999999999998,0.31,3.5830591626378374,0.46,0.43,0.739008344562721,0.7967433714816836,0.7778174593052022,0.55,0.0,0.35
0.8200000000000001,0.23,2.8101090660262575,0.31,0.27,0.5022947341949745,0.536935750346352,0.5586143571373725,0.37,0.35,0.0
