1,2,3,4,5,6,7,8,9,10,11
26.070769230769237,3.941144894180254,6.051242932294245,4.333595283009604,3.734519071086355,3.4932244857283807,3.8385253578785856,7.9915579495827025,2.7138707100319346,11.410524831184452,3.864873617199285
3.941144894180254,0.0,0.8602519010925425,0.64,0.65,0.58,0.57,1.1538110763898914,0.39,1.5558406088028427,0.55
6.051242932294243,0.8602519010925425,1.5466666666666673,0.9584014468547789,0.8082903768654761,0.7909698687897874,0.9006664199358163,1.740260516895866,0.5831237718815221,2.4483198320480923,0.8544783984006462
4.333595283009604,0.64,0.9584014468547789,0.0,0.58,0.54,0.66,1.3684736022298714,0.41,1.9068534290815327,0.7
3.734519071086355,0.65,0.8082903768654761,0.58,0.0,0.55,0.55,1.1046175808848961,0.35,1.533704665181664,0.5
3.4932244857283807,0.58,0.7909698687897874,0.54,0.55,0.0,0.49,0.9928141820099067,0.31,1.3534548385520664,0.5
3.8385253578785856,0.57,0.9006664199358163,0.66,0.55,0.49,0.0,1.1761717561648894,0.4,1.6696826045689044,0.55
7.9915579495827025,1.1538110763898914,1.740260516895866,1.3684736022298714,1.1046175808848961,0.9928141820099067,1.1761717561648894,2.6879999999999997,1.180643892119889,3.942827411896189,1.2790308831298798
2.7138707100319346,0.39,0.5831237718815221,0.41,0.35,0.31,0.4,1.180643892119889,0.0,1.3186697842902142,0.39
11.410524831184452,1.5558406088028425,2.448319832048093,1.9068534290815329,1.5337046651816642,1.3534548385520664,1.6696826045689044,3.9428274118961886,1.3186697842902142,6.214,1.7740377673544607
3.864873617199285,0.55,0.8544783984006462,0.7,0.5,0.5,0.55,1.2790308831298798,0.39,1.7740377673544607,0.0
