1,2,3,4,5,6,7,8,9,10,11
27.18528301886793,2.9175383782701543,3.374949056219292,3.6167036487689828,13.65890517981495,4.903051033179469,3.8721942977135453,2.6332020108963694,3.3612129998244207,4.503852543750635,3.696372775859223
2.9175383782701543,0.0,0.55,0.33,1.2453019405256394,0.431335136523794,0.36,0.23,0.31,0.3959797974644666,0.33
3.374949056219292,0.55,0.0,0.37,1.4560880150912268,0.5303300858899106,0.43,0.29,0.35,0.47376154339498683,0.37
3.6167036487689828,0.33,0.37,0.0,1.7805876298829852,0.6576093065034891,0.55,0.34,0.47,0.5727564927611034,0.46
13.658905179814953,1.2453019405256394,1.4560880150912268,1.7805876298829852,7.796923076923076,2.6201115654461384,2.0634847299578527,1.7972286357697425,1.7861346318452376,2.5573544022019195,2.2049332799952857
4.9030510331794686,0.431335136523794,0.5303300858899106,0.6576093065034891,2.620111565446139,0.6199999999999999,0.7919595949289332,0.49497474683058323,0.7707463914933368,0.965,0.7071067811865475
3.8721942977135453,0.36,0.43,0.55,2.0634847299578527,0.7919595949289332,0.0,0.41,0.47,0.6151828996322963,0.53
2.6332020108963694,0.23,0.29,0.34,1.7972286357697425,0.49497474683058323,0.41,0.0,0.34,0.537401153701776,0.5
3.3612129998244207,0.31,0.35,0.47,1.7861346318452376,0.7707463914933368,0.47,0.34,0.0,0.6363961030678927,0.53
4.503852543750634,0.3959797974644666,0.47376154339498683,0.5727564927611034,2.55735440220192,0.9649999999999999,0.6151828996322963,0.537401153701776,0.6363961030678927,0.6699999999999999,0.8697413408594533
3.696372775859223,0.33,0.37,0.46,2.2049332799952857,0.7071067811865475,0.53,0.5,0.53,0.8697413408594533,0.0
