1,2,3,4,5,6,7,8,9,10,11
17.68628571428571,2.8769050830958705,2.712945157678539,11.34645742071066,10.71552687756119,4.465374084473295,3.1084773488914834,2.067247307065952,6.082204299664484,4.409198339834577,1.921880775252647
2.8769050830958705,0.0,0.68,1.585341183047569,1.4422205101855956,0.6646803743153546,0.44,0.3,0.8586501033599192,0.6363961030678927,0.26
2.712945157678539,0.68,0.0,1.4717336715588183,1.353468478789559,0.5939696961966998,0.43,0.26,0.8094566078549239,0.5868986283848344,0.24
11.34645742071066,1.585341183047569,1.4717336715588183,8.781333333333333,7.34805472251862,3.2772066357392435,2.0733370846697037,1.386528037942255,4.225049269929681,3.0398601941536714,1.3116503599155782
10.71552687756119,1.4422205101855956,1.353468478789559,7.34805472251862,7.6923076923076925,2.724053117069376,1.9164891779581668,1.578122058260777,4.686032272780295,3.522245787081785,1.6530065847511828
4.465374084473295,0.6646803743153546,0.5939696961966998,3.277206635739243,2.724053117069376,0.7499999999999999,0.8555992052357225,0.5232590180780451,1.492595055599475,1.1149999999999998,0.48790367901871773
3.1084773488914834,0.44,0.43,2.0733370846697037,1.9164891779581668,0.8555992052357225,0.0,0.35,1.0464798134699014,0.7707463914933367,0.34
2.067247307065952,0.3,0.26,1.386528037942255,1.578122058260777,0.5232590180780451,0.35,0.0,1.3416407864998738,0.700035713374682,0.29
6.082204299664485,0.8586501033599192,0.8094566078549238,4.225049269929681,4.686032272780296,1.4925950555994751,1.0464798134699016,1.3416407864998736,2.852,2.0238577025077626,0.9167878707749137
4.409198339834578,0.6363961030678927,0.5868986283848344,3.0398601941536714,3.5222457870817854,1.1149999999999998,0.7707463914933367,0.700035713374682,2.0238577025077626,0.7599999999999999,0.67175144212722
1.921880775252647,0.26,0.24,1.3116503599155782,1.6530065847511828,0.48790367901871773,0.34,0.29,0.9167878707749137,0.67175144212722,0.0
