1,2,3,4,5,6,7,8,9,10,11
31.85266666666667,3.6083294842165765,9.016180655416749,3.582509595241862,4.375180186765645,4.206059913981257,3.067402810196274,5.87713200086195,3.501176944971505,2.8595527039498085,3.6793341788970477
3.6083294842165765,0.0,0.8858987903065828,0.35,0.42,0.43,0.29,0.5773502691896258,0.34,0.28,0.37
9.016180655416745,0.8858987903065828,3.8533333333333344,1.812622409659552,1.1471776962034552,1.2778171491518915,0.7470943715488693,1.6122034611053289,1.0247032090642962,0.7225994741210376,0.9757134142086328
3.582509595241862,0.35,1.812622409659552,0.0,0.45,0.5,0.29,0.6235382907247959,0.39,0.28,0.39
4.375180186765645,0.42,1.1471776962034552,0.45,0.0,0.59,0.45,0.7794228634059949,0.52,0.36,0.53
4.206059913981257,0.43,1.2778171491518915,0.5,0.59,0.0,0.41,0.7909698687897875,0.52,0.34,0.5
3.067402810196274,0.29,0.7470943715488693,0.29,0.45,0.41,0.0,0.6004442799572108,0.32,0.29,0.54
5.877132000861946,0.5773502691896258,1.6122034611053286,0.6235382907247959,0.7794228634059949,0.7909698687897875,0.6004442799572108,1.406666666666667,1.0334569818494301,0.5946707772653146,0.7216878364870323
3.501176944971505,0.34,1.0247032090642962,0.39,0.52,0.52,0.32,1.0334569818494301,0.0,0.37,0.41
2.8595527039498085,0.28,0.7225994741210376,0.28,0.36,0.34,0.29,0.5946707772653146,0.37,0.0,0.36
3.6793341788970477,0.37,0.9757134142086328,0.39,0.53,0.5,0.54,0.7216878364870323,0.41,0.36,0.0
