1,2,3,4,5,6,7,8,9,10,11
32.011111111111106,3.9875251902473465,4.2810775976178475,4.808967978254067,4.242021268740227,4.109733703186998,4.337772268569229,4.869499827644371,5.5349803200063095,5.998809802587431,4.2558799660838975
3.9875251902473465,0.0,0.6,0.64,0.55,0.46,0.5,0.5374011537017761,0.6222539674441617,0.6697263122599659,0.44
4.2810775976178475,0.6,0.0,0.7,0.64,0.52,0.57,0.6434671708797581,0.728319984622144,0.7505553499465136,0.54
4.808967978254067,0.64,0.7,0.0,0.67,0.62,0.63,0.6505382386916236,0.7424621202458748,0.8082903768654762,0.59
4.242021268740227,0.55,0.64,0.67,0.0,0.51,0.56,0.5586143571373725,0.728319984622144,0.7505553499465136,0.52
4.109733703186998,0.46,0.52,0.62,0.51,0.0,0.65,0.6151828996322963,0.6929646455628165,0.7621023553303061,0.5
4.337772268569229,0.5,0.57,0.63,0.56,0.65,0.0,0.7071067811865475,0.7495331880577403,0.8198373822492687,0.55
4.869499827644369,0.5374011537017761,0.6434671708797581,0.6505382386916236,0.5586143571373725,0.6151828996322963,0.7071067811865475,0.7999999999999999,0.8599999999999999,0.9838783800179098,0.7495331880577403
5.534980320006308,0.6222539674441617,0.728319984622144,0.7424621202458748,0.7283199846221439,0.6929646455628166,0.7495331880577403,0.8599999999999999,0.7099999999999999,1.4819412943838226,0.7778174593052022
5.998809802587429,0.6697263122599659,0.7505553499465136,0.8082903768654762,0.7505553499465136,0.7621023553303061,0.8198373822492687,0.98387838001791,1.4819412943838228,1.3400000000000003,0.84870489570875
4.2558799660838975,0.44,0.54,0.59,0.52,0.5,0.55,0.7495331880577403,0.7778174593052023,0.84870489570875,0.0
