1,2,3,4,5,6,7,8,9
3.756666666666668,9.315803144941079,1.8452822728966611,1.6370756447600907,1.2124974226776732,1.0777754868245986,1.3513018414353866,3.9802943179045016,1.1430952132988166
9.31580314494108,31.644313725490182,3.766753426035346,3.3550710813311104,4.189638011411804,4.051010283093032,4.457091507461155,14.814313924675131,4.160232129647218
1.8452822728966611,3.766753426035346,0.0,0.68,0.48,0.43,0.53,1.566150877606807,0.46
1.6370756447600907,3.3550710813311104,0.68,0.0,0.47,0.4,0.48,1.435192869069719,0.42
1.2124974226776732,4.189638011411804,0.48,0.47,0.0,0.62,0.6,1.7906503208132434,0.51
1.0777754868245986,4.051010283093032,0.43,0.4,0.62,0.0,0.55,1.8066859953279892,0.52
1.3513018414353868,4.457091507461155,0.53,0.48,0.6,0.55,0.0,1.9296261666077044,0.53
3.9802943179045016,14.814313924675131,1.5661508776068072,1.4351928690697189,1.7906503208132434,1.806685995327989,1.9296261666077044,8.342857142857143,2.5576900851019015
1.1430952132988166,4.160232129647217,0.46,0.42,0.51,0.52,0.53,2.5576900851019015,0.0
