1,2,3,4,5,6,7,8,9
39.07641791044776,3.8129083583602865,4.9429757186561085,4.797594079872104,8.33295310575348,5.008947218608514,4.93198046866404,4.093898080379788,4.142765858122311
3.8129083583602865,0.0,0.52,0.44,0.8717989064763351,0.51,0.45,0.42,0.34
4.9429757186561085,0.52,0.0,0.59,1.1258330249197706,0.67,0.67,0.56,0.49
4.797594079872104,0.44,0.59,0.0,1.027683479157534,0.59,0.59,0.48,0.48
8.33295310575348,0.8717989064763351,1.1258330249197706,1.027683479157534,1.6466666666666672,1.1431535329954592,1.1085125168440815,0.9526279441628827,0.8140638795573724
5.008947218608514,0.51,0.67,0.59,1.1431535329954592,0.0,0.66,0.57,0.47
4.931980468664042,0.45,0.67,0.59,1.1085125168440817,0.66,0.0,0.57,0.46
4.093898080379788,0.42,0.56,0.48,0.9526279441628827,0.57,0.57,0.0,0.42
4.142765858122311,0.34,0.49,0.48,0.8140638795573725,0.47,0.46,0.42,0.0
