1,2,3,4,5,6,7,8,9
40.37594202898551,4.669767241196986,4.908131230306813,5.2464154774778216,4.205077848285917,4.143681063212175,5.395693935304179,4.019683634533832,4.167758233829329
4.669767241196986,0.0,0.59,0.63,0.5,0.4,0.56,0.4,0.4
4.908131230306813,0.59,0.0,0.61,0.56,0.51,0.62,0.42,0.48
5.2464154774778216,0.63,0.61,0.0,0.56,0.49,0.69,0.48,0.48
4.205077848285917,0.5,0.56,0.56,0.0,0.39,0.52,0.3,0.42
4.143681063212175,0.4,0.51,0.49,0.39,0.0,0.57,0.47,0.41
5.395693935304177,0.56,0.62,0.69,0.52,0.57,0.0,0.63,0.63
4.019683634533834,0.4,0.42,0.48,0.3,0.47,0.63,0.0,0.54
4.167758233829331,0.4,0.48,0.48,0.42,0.41,0.63,0.54,0.0
