1,2,3,4,5,6,7,8,9
0.5949120071285362,0.5404477611940299,0.5605970149253731,0.6073134328358208,0.6006716417910448,0.5449253731343283,0.6138805970149253,0.527910447761194,0.5998507462686568
0.5404477611940299,1.0,0.51,0.59,0.535,0.475,0.55,0.45,0.54
0.5605970149253731,0.51,1.0,0.57,0.5700000000000001,0.45,0.53,0.44,0.62
0.6073134328358208,0.59,0.57,1.0,0.595,0.55,0.63,0.52,0.62
0.600671641791045,0.535,0.5700000000000001,0.595,0.9099999999999999,0.69,0.735,0.525,0.595
0.5449253731343284,0.475,0.45,0.55,0.69,0.905,0.745,0.475,0.5
0.6138805970149255,0.55,0.53,0.63,0.735,0.745,1.0,0.54,0.6
0.527910447761194,0.45,0.44,0.52,0.525,0.475,0.54,1.0,0.51
0.5998507462686569,0.54,0.62,0.62,0.595,0.5,0.6,0.51,1.0
