1,2,3,4,5,6,7,8,9
0.6357669441141497,0.5982758620689654,0.5320689655172414,0.5155172413793105,0.5748099027409372,0.6255172413793103,0.6048275862068965,0.646896551724138,0.4605172413793104
0.5982758620689653,0.9,0.635,0.605,0.5237179487179487,0.59,0.56,0.59,0.375
0.5320689655172414,0.635,1.0,0.61,0.4512820512820513,0.51,0.49,0.48,0.36
0.5155172413793105,0.605,0.61,1.0,0.4346153846153845,0.5,0.49,0.46,0.31
0.5748099027409371,0.5237179487179487,0.4512820512820513,0.4346153846153845,0.6266272189349114,0.5810256410256411,0.614102564102564,0.6112820512820512,0.5337179487179486
0.6255172413793103,0.59,0.51,0.5,0.5810256410256411,1.0,0.65,0.64,0.485
0.6048275862068965,0.56,0.49,0.49,0.614102564102564,0.65,1.0,0.6,0.495
0.6468965517241381,0.59,0.48,0.46,0.6112820512820513,0.64,0.6,1.0,0.49
0.4605172413793103,0.375,0.36,0.31,0.5337179487179488,0.485,0.495,0.49,0.935
