1,2,3,4,5,6,7,8,9
37.185312499999995,4.930000000000001,9.276875,7.7624743692545195,4.652499999999999,3.1399999999999992,4.861249999999999,4.98625,4.882500000000001
4.930000000000001,0.0,1.215,1.1085125168440817,0.62,0.4,0.65,0.69,0.67
9.276875000000002,1.215,2.48,1.925463147747402,1.47,0.72,1.295,1.23,1.25
7.7624743692545195,1.1085125168440817,1.925463147747402,1.593333333333334,0.9872689603142603,0.5946707772653146,0.9872689603142603,1.0738715006927042,1.027683479157534
4.652499999999999,0.62,1.47,0.9872689603142603,0.0,0.37,0.65,0.62,0.62
3.1399999999999992,0.4,0.72,0.5946707772653146,0.37,0.0,0.41,0.38,0.48
4.861250000000001,0.65,1.295,0.9872689603142603,0.65,0.41,0.0,0.66,0.74
4.98625,0.69,1.23,1.0738715006927042,0.62,0.38,0.66,0.0,0.66
4.8825,0.67,1.25,1.027683479157534,0.62,0.48,0.74,0.66,0.0
