1,2,3,4,5,6,7,8,9
0.6003341501447985,0.5353731343283584,0.523134328358209,0.46895522388059707,0.6077611940298506,0.5964179104477609,0.6061194029850747,0.5052238805970151,0.582139303482587
0.5353731343283584,1.0,0.78,0.68,0.6,0.49,0.54,0.44,0.45
0.523134328358209,0.78,1.0,0.68,0.58,0.47,0.52,0.47,0.43666666666666665
0.46895522388059707,0.68,0.68,1.0,0.5,0.43,0.48,0.4,0.39999999999999997
0.6077611940298506,0.6,0.58,0.5,1.0,0.6,0.67,0.56,0.5599999999999999
0.5964179104477609,0.49,0.47,0.43,0.6,1.0,0.62,0.52,0.5533333333333333
0.6061194029850747,0.54,0.52,0.48,0.67,0.62,1.0,0.57,0.5599999999999999
0.505223880597015,0.44,0.47,0.4,0.56,0.52,0.57,1.0,0.45666666666666667
0.5821393034825869,0.45,0.43666666666666665,0.39999999999999997,0.5599999999999999,0.5533333333333333,0.5599999999999999,0.45666666666666667,0.8355555555555555
