1,2,3,4,5,6,7,8,9
29.780408163265303,3.414285714285714,3.368571428571429,16.40392857142857,3.9071428571428566,5.939696961966998,4.052857142857142,3.5,7.919513899739255
3.414285714285714,0.0,0.59,1.8525000000000003,0.4,0.700035713374682,0.46,0.4,0.733430296619931
3.368571428571429,0.59,0.0,1.8250000000000002,0.4,0.714177848998413,0.46,0.42,0.7334302966199311
16.40392857142857,1.8525000000000003,1.8250000000000002,10.0925,2.6850000000000005,3.494875266014511,2.265,2.0750000000000006,4.135607724385861
3.9071428571428566,0.4,0.4,2.6850000000000005,0.0,0.7919595949289332,0.52,0.46,1.019646997739904
5.939696961966999,0.700035713374682,0.714177848998413,3.494875266014511,0.7919595949289332,0.8599999999999999,0.8909545442950498,1.0818733752154177,1.4672968343181279
4.0528571428571425,0.46,0.46,2.265,0.52,0.8909545442950498,0.0,0.56,0.9436206865049113
3.4999999999999996,0.4,0.42,2.075,0.46,1.0818733752154177,0.56,0.0,0.8988993269549155
7.919513899739254,0.733430296619931,0.7334302966199311,4.135607724385861,1.019646997739904,1.4672968343181279,0.9436206865049113,0.8988993269549155,2.836
