1,2,3,4,5,6,7,8,9
0.6147444444444442,0.617833333333333,0.5528333333333334,0.6858333333333331,0.6093333333333332,0.6154999999999999,0.5859999999999997,0.49754166666666666,0.5527777777777777
0.617833333333333,1.0,0.53,0.73,0.65,0.67,0.63,0.49375,0.5599999999999999
0.5528333333333334,0.53,1.0,0.61,0.55,0.53,0.48,0.45,0.45999999999999996
0.6858333333333331,0.73,0.61,1.0,0.68,0.73,0.66,0.57,0.6399999999999999
0.6093333333333332,0.65,0.55,0.68,1.0,0.67,0.63,0.4675,0.5233333333333333
0.6154999999999999,0.67,0.53,0.73,0.67,1.0,0.64,0.47875,0.5633333333333332
0.5859999999999999,0.63,0.48,0.66,0.63,0.64,1.0,0.44625000000000004,0.5133333333333333
0.4975416666666666,0.49374999999999997,0.44999999999999996,0.5700000000000001,0.46749999999999997,0.47875,0.44625000000000004,0.686875,0.6254166666666666
0.5527777777777777,0.5599999999999999,0.45999999999999996,0.6399999999999999,0.5233333333333333,0.5633333333333332,0.5133333333333333,0.6254166666666666,0.8311111111111109
