1,2,3,4,5,6,7,8,9
0.5955615234374999,0.5599999999999999,0.5184375000000001,0.48187499999999994,0.5346875,0.5553125,0.5608333333333333,0.6386718749999999,0.60078125
0.5599999999999999,1.0,0.71,0.63,0.68,0.53,0.5133333333333333,0.6125,0.53
0.5184375000000001,0.71,1.0,0.71,0.76,0.48,0.43666666666666665,0.5650000000000001,0.45
0.48187499999999994,0.63,0.71,1.0,0.7,0.45,0.42666666666666664,0.5175000000000001,0.43
0.5346875,0.68,0.76,0.7,1.0,0.5,0.47000000000000003,0.58,0.48
0.5553125,0.53,0.48,0.45,0.5,1.0,0.6233333333333333,0.605,0.48
0.5608333333333333,0.5133333333333333,0.43666666666666665,0.42666666666666664,0.47,0.6233333333333333,0.8577777777777775,0.6016666666666666,0.5133333333333333
0.6386718750000001,0.6125,0.5650000000000001,0.5175000000000001,0.58,0.605,0.6016666666666667,0.8075000000000001,0.64
0.60078125,0.53,0.45,0.43,0.48,0.48,0.5133333333333333,0.64,1.0
