1,2,3,4,5,6,7,8,9
0.5947566574839303,0.5487878787878788,0.5542424242424243,0.6136363636363634,0.6724242424242426,0.5777651515151515,0.6268181818181818,0.5995454545454543,0.39681818181818207
0.5487878787878788,1.0,0.53,0.62,0.64,0.5575,0.6,0.56,0.3
0.5542424242424243,0.53,1.0,0.59,0.66,0.59,0.63,0.6,0.32
0.6136363636363634,0.62,0.59,1.0,0.74,0.635,0.7,0.66,0.35
0.6724242424242426,0.64,0.66,0.74,1.0,0.67,0.78,0.73,0.43
0.5777651515151515,0.5575,0.59,0.635,0.67,0.8625,0.61,0.645,0.3225
0.6268181818181818,0.6,0.63,0.7,0.78,0.61,1.0,0.62,0.38
0.5995454545454545,0.56,0.6,0.66,0.73,0.645,0.62,1.0,0.37
0.39681818181818174,0.3,0.32,0.35,0.43,0.3225,0.38,0.37,1.0
