1,2,3,4,5,6,7,8,9
0.5933516988062442,0.5690909090909091,0.6148484848484845,0.6116666666666664,0.6019696969696967,0.5628787878787879,0.5887878787878789,0.4986363636363636,0.6151515151515151
0.5690909090909091,1.0,0.59,0.61,0.59,0.5199999999999999,0.51,0.4,0.58
0.6148484848484845,0.59,1.0,0.7,0.66,0.6033333333333333,0.615,0.5,0.63
0.6116666666666664,0.61,0.7,1.0,0.66,0.6,0.605,0.48,0.62
0.6019696969696967,0.59,0.66,0.66,1.0,0.58,0.6,0.46,0.65
0.5628787878787879,0.5199999999999999,0.6033333333333333,0.6,0.58,0.8422222222222222,0.595,0.4633333333333333,0.5566666666666666
0.5887878787878787,0.51,0.615,0.605,0.6,0.595,0.855,0.61,0.62
0.49863636363636366,0.4,0.5,0.48,0.46,0.46333333333333326,0.61,1.0,0.52
0.6151515151515153,0.58,0.63,0.62,0.65,0.5566666666666666,0.62,0.52,1.0
