1,2,3,4,5,6,7,8,9
0.6017420360882156,0.4950746268656716,0.6213432835820897,0.6044776119402985,0.3841791044776119,0.4834328358208956,0.6182089552238805,0.49776119402985075,0.5928358208955222
0.4950746268656716,1.0,0.52,0.49,0.27,0.35,0.5099999999999999,0.35,0.43
0.6213432835820897,0.52,1.0,0.66,0.4,0.47,0.6766666666666666,0.5,0.61
0.6044776119402985,0.49,0.66,1.0,0.43,0.47,0.73,0.5,0.59
0.3841791044776119,0.27,0.4,0.43,1.0,0.4,0.45999999999999996,0.52,0.49
0.4834328358208956,0.35,0.47,0.47,0.4,1.0,0.48,0.54,0.57
0.6182089552238805,0.5099999999999999,0.6766666666666666,0.73,0.45999999999999996,0.48,0.8777777777777778,0.5299999999999999,0.6266666666666667
0.49776119402985075,0.35,0.5,0.5,0.52,0.54,0.5299999999999999,1.0,0.63
0.5928358208955223,0.43,0.61,0.59,0.49,0.57,0.6266666666666667,0.63,1.0
