1,2,3,4,5,6,7,8,9
39.95441176470588,4.556031716307515,3.849040369326603,4.936812647614555,5.094460803888172,4.665172747573864,4.15948596937311,5.152669353896894,5.837811838250998
4.556031716307515,0.0,0.61,0.58,0.62,0.56,0.45,0.59,0.5091168824543142
3.849040369326603,0.61,0.0,0.49,0.52,0.46,0.42,0.47,0.4879036790187178
4.936812647614555,0.58,0.49,0.0,0.68,0.63,0.55,0.64,0.685893577750951
5.094460803888172,0.62,0.52,0.68,0.0,0.64,0.58,0.67,0.6929646455628165
4.665172747573864,0.56,0.46,0.63,0.64,0.0,0.56,0.61,0.6151828996322963
4.15948596937311,0.45,0.42,0.55,0.58,0.56,0.0,0.49,0.5868986283848343
5.1526693538968935,0.59,0.47,0.64,0.67,0.61,0.49,0.0,0.6929646455628165
5.837811838251001,0.5091168824543142,0.4879036790187178,0.685893577750951,0.6929646455628165,0.6151828996322963,0.5868986283848343,0.6929646455628165,0.8699999999999999
