1,2,3,4,5,6,7,8,9
0.5985798816568045,0.5623076923076926,0.5350769230769232,0.5198461538461537,0.5950769230769232,0.6266153846153847,0.5686153846153843,0.5006153846153847,0.3941538461538462
0.5623076923076926,1.0,0.69,0.71,0.6,0.6000000000000001,0.57,0.47,0.32
0.5350769230769232,0.69,1.0,0.76,0.58,0.56,0.55,0.43,0.28
0.5198461538461537,0.71,0.76,1.0,0.58,0.552,0.52,0.47,0.27
0.5950769230769232,0.6,0.58,0.58,1.0,0.66,0.63,0.55,0.33
0.6266153846153847,0.6000000000000001,0.56,0.552,0.66,0.804,0.606,0.544,0.432
0.5686153846153846,0.57,0.55,0.52,0.63,0.606,1.0,0.7,0.35
0.5006153846153846,0.47,0.43,0.47,0.55,0.544,0.7,1.0,0.3
0.39415384615384613,0.32,0.28,0.27,0.33,0.43200000000000005,0.35,0.3,1.0
