1,2,3,4,5,6,7,8,9
5.119999999999999,1.9339370465452075,10.482844658910917,1.5909902576697317,1.5980613254815972,1.2268302653586596,3.9848651169142473,1.0253048327204939,1.5414927829866736
1.9339370465452075,0.0,3.9568026865134422,0.58,0.62,0.47,1.515637536767001,0.37,0.57
10.482844658910917,3.9568026865134422,33.15821428571429,4.445890759213179,4.607583810570198,4.1438855558521395,12.447604730244617,3.732303243307006,4.698452632820421
1.5909902576697317,0.58,4.445890759213179,0.0,0.68,0.51,1.734856931112353,0.46,0.66
1.5980613254815972,0.62,4.607583810570198,0.68,0.0,0.53,1.7953312467938294,0.45,0.67
1.2268302653586596,0.47,4.1438855558521395,0.51,0.53,0.0,1.4665021552758015,0.42,0.56
3.9848651169142473,1.515637536767001,12.447604730244613,1.7348569311123527,1.7953312467938294,1.4665021552758015,4.331428571428571,1.3720110370234948,1.8028905362540137
1.0253048327204937,0.37,3.7323032433070065,0.46,0.45,0.42,1.3720110370234948,0.0,0.47
1.5414927829866736,0.57,4.6984526328204215,0.66,0.67,0.56,1.8028905362540137,0.47,0.0
