1,2,3,4,5,6,7,8,9
0.6033300781250001,0.4709375000000001,0.5478125,0.6115625000000001,0.6215625,0.56703125,0.6345312499999998,0.5674062500000001,0.49101562500000007
0.4709375000000001,1.0,0.68,0.52,0.52,0.37,0.49,0.398,0.345
0.5478125,0.68,1.0,0.62,0.58,0.46,0.59,0.464,0.38
0.6115625000000001,0.52,0.62,1.0,0.67,0.54,0.65,0.558,0.49
0.6215625,0.52,0.58,0.67,1.0,0.55,0.7,0.5840000000000001,0.49
0.56703125,0.37,0.46,0.54,0.55,1.0,0.57,0.49400000000000005,0.415
0.63453125,0.49,0.59,0.65,0.7,0.57,1.0,0.5920000000000001,0.475
0.5674062500000001,0.3980000000000001,0.46399999999999997,0.558,0.5840000000000001,0.494,0.5920000000000001,0.7912000000000001,0.6080000000000001
0.4910156249999999,0.345,0.38,0.49,0.49,0.415,0.475,0.6080000000000001,0.935
