1,2,3,4,5,6,7,8,9
0.591884661117717,0.5728683385579938,0.5575862068965518,0.6074137931034482,0.6774137931034481,0.570344827586207,0.5250862068965518,0.5989655172413794,0.6125862068965516
0.5728683385579936,0.7049586776859503,0.5663636363636363,0.6136363636363634,0.7009090909090909,0.5509090909090909,0.6586363636363637,0.5772727272727274,0.6536363636363636
0.5575862068965518,0.5663636363636363,1.0,0.65,0.71,0.6,0.5349999999999999,0.59,0.61
0.6074137931034482,0.6136363636363634,0.65,1.0,0.75,0.65,0.5700000000000001,0.61,0.67
0.6774137931034481,0.7009090909090909,0.71,0.75,1.0,0.68,0.665,0.75,0.76
0.570344827586207,0.5509090909090909,0.6,0.65,0.68,1.0,0.515,0.59,0.62
0.5250862068965517,0.6586363636363637,0.5349999999999999,0.5700000000000001,0.665,0.515,0.905,0.5,0.6000000000000001
0.5989655172413794,0.5772727272727273,0.59,0.61,0.75,0.59,0.5,1.0,0.64
0.6125862068965519,0.6536363636363637,0.61,0.67,0.76,0.62,0.6000000000000001,0.64,1.0
