1,2,3,4,5,6,7,8,9
29.09125000000001,6.9700000000000015,12.901330277016658,6.97166666666667,6.056363389031407,3.490082377251288,9.307882263018922,3.8177286550164014,4.545844714315115
6.9700000000000015,1.6400000000000003,3.2065104227039547,1.6200000000000003,1.4207040508142434,0.84870489570875,2.1472475922031498,0.9006664199358163,1.0573630723014054
12.90133027701666,3.2065104227039547,6.472727272727272,3.0428774261055986,2.609576768192672,1.5769043321417038,5.238773856080402,2.2462595171043387,2.8142494558940574
6.9716666666666685,1.6200000000000003,3.042877426105599,1.593333333333334,1.510518674716293,0.80251687417358,2.1071782079359123,0.8833459118601276,1.094105418443153
6.056363389031409,1.4207040508142434,2.6095767681926714,1.510518674716293,0.8199999999999998,0.6929646455628166,1.8504076127527505,0.7707463914933367,0.9199999999999998
3.490082377251288,0.84870489570875,1.5769043321417038,0.80251687417358,0.6929646455628166,0.0,1.2574047346286983,0.51,0.5798275605729689
9.307882263018922,2.1472475922031498,5.238773856080402,2.1071782079359123,1.8504076127527505,1.2574047346286983,3.5666666666666673,1.7268902686621408,2.0755742177367047
3.817728655016402,0.9006664199358163,2.2462595171043387,0.8833459118601276,0.7707463914933367,0.51,1.7268902686621408,0.0,0.8909545442950497
4.545844714315114,1.0573630723014054,2.8142494558940574,1.094105418443153,0.9199999999999998,0.5798275605729689,2.0755742177367047,0.8909545442950497,0.8699999999999999
