1,2,3,4,5,6,7,8,9
39.31671641791044,4.052360469298642,5.085913968552985,4.947862496430362,3.144641497731296,3.957068302700726,8.764624622658943,4.07435096928278,4.852570329832443
4.052360469298642,0.0,0.52,0.49,0.27,0.35,0.8833459118601275,0.35,0.43
5.085913968552985,0.52,0.0,0.66,0.4,0.47,1.1720210464549405,0.5,0.61
4.947862496430362,0.49,0.66,0.0,0.43,0.47,1.2643970895252805,0.5,0.59
3.144641497731296,0.27,0.4,0.43,0.0,0.4,0.7967433714816836,0.52,0.49
3.957068302700726,0.35,0.47,0.47,0.4,0.0,0.8313843876330612,0.54,0.57
8.764624622658943,0.8833459118601275,1.1720210464549405,1.2643970895252805,0.7967433714816836,0.8313843876330612,1.6333333333333335,0.917986928011505,1.0854185060764965
4.074350969282779,0.35,0.5,0.5,0.52,0.54,0.917986928011505,0.0,0.63
4.852570329832444,0.43,0.61,0.59,0.49,0.57,1.0854185060764965,0.63,0.0
