1,2,3,4,5,6,7,8,9
0.6070018365472911,0.5446969696969698,0.5481818181818184,0.6048484848484849,0.6216666666666664,0.6360606060606059,0.4386363636363637,0.5563131313131312,0.48303030303030287
0.5446969696969698,1.0,0.78,0.58,0.6,0.57,0.305,0.43,0.37
0.5481818181818184,0.78,1.0,0.6,0.57,0.59,0.315,0.44999999999999996,0.37
0.6048484848484849,0.58,0.6,1.0,0.67,0.67,0.38,0.5299999999999999,0.46
0.6216666666666664,0.6,0.57,0.67,1.0,0.66,0.405,0.5433333333333333,0.48
0.6360606060606059,0.57,0.59,0.67,0.66,1.0,0.425,0.5733333333333333,0.48
0.43863636363636355,0.305,0.315,0.38,0.405,0.425,0.9,0.5283333333333333,0.46
0.5563131313131312,0.43,0.44999999999999996,0.53,0.5433333333333332,0.5733333333333333,0.5283333333333332,0.8355555555555555,0.5566666666666666
0.483030303030303,0.37,0.37,0.46,0.48,0.48,0.46,0.5566666666666666,1.0
