1,2,3,4,5,6,7,8,9
27.225531914893626,4.227167453608986,18.572658519647295,3.8727155242691005,4.235919353098858,3.435120549775418,5.971929015838414,3.33447370564187,3.3228045063220373
4.227167453608986,0.0,2.9016617495998576,0.64,0.67,0.56,0.9616652224137046,0.5,0.5
18.572658519647295,2.9016617495998576,13.118181818181814,2.6223688111740073,3.0210541507589994,2.3537359085659384,4.439754548907567,2.4134321091455098,2.441148202271739
3.8727155242691005,0.64,2.6223688111740073,0.0,0.62,0.56,0.8909545442950498,0.43,0.44
4.235919353098858,0.67,3.0210541507589994,0.62,0.0,0.56,1.0677312395916867,0.47,0.48
3.435120549775418,0.56,2.3537359085659384,0.56,0.56,0.0,0.7636753236814713,0.41,0.42
5.9719290158384135,0.9616652224137046,4.439754548907569,0.8909545442950498,1.0677312395916867,0.7636753236814713,0.8299999999999998,0.7212489168102785,0.7353910524340094
3.334473705641869,0.5,2.4134321091455098,0.43,0.47,0.41,0.7212489168102785,0.0,0.87
3.3228045063220377,0.5,2.441148202271739,0.44,0.48,0.42,0.7353910524340094,0.87,0.0
