1,2,3,4,5,6,7,8,9
0.7420000000000001,0.5780000000000001,0.5078214285714286,0.469,0.529,0.28,0.363,0.539,0.541
0.5780000000000001,1.0,0.6251785714285714,0.585,0.64,0.4,0.5,0.64,0.6699999999999999
0.5078214285714285,0.6251785714285714,0.6227168367346937,0.596875,0.5723214285714284,0.4016071428571429,0.5135714285714286,0.6383928571428572,0.6278571428571428
0.4689999999999999,0.585,0.5968749999999999,0.9299999999999999,0.53,0.35,0.455,0.595,0.62375
0.529,0.64,0.5723214285714284,0.53,1.0,0.31,0.41,0.61,0.6074999999999999
0.28,0.4,0.4016071428571429,0.35,0.31,1.0,0.8,0.38,0.4375
0.363,0.5,0.5135714285714285,0.455,0.41,0.8,1.0,0.5,0.5275000000000001
0.539,0.64,0.638392857142857,0.595,0.61,0.38,0.5,1.0,0.62
0.541,0.6699999999999999,0.6278571428571427,0.62375,0.6074999999999999,0.4375,0.5275000000000001,0.62,0.83375
