1,2,3,4,5,6,7,8,9
0.5988062283737026,0.5285294117647059,0.5491176470588235,0.5308823529411766,0.5583823529411764,0.5627941176470588,0.5717647058823531,0.556470588235294,0.6133823529411765
0.5285294117647059,1.0,0.72,0.77,0.51,0.54,0.54,0.48,0.53
0.5491176470588234,0.72,0.9,0.695,0.53,0.56,0.5549999999999999,0.525,0.58
0.5308823529411766,0.77,0.695,1.0,0.51,0.55,0.55,0.46,0.54
0.5583823529411764,0.51,0.53,0.51,1.0,0.58,0.55,0.47,0.62
0.5627941176470588,0.54,0.56,0.55,0.58,1.0,0.6,0.53,0.61
0.571764705882353,0.54,0.5549999999999999,0.55,0.55,0.6,1.0,0.52,0.56
0.556470588235294,0.48,0.525,0.46,0.47,0.53,0.52,1.0,0.57
0.6133823529411764,0.53,0.58,0.54,0.62,0.61,0.56,0.57,1.0
