1,2,3,4,5,6,7,8,9
35.75967213114753,4.154796753822477,3.739957262839891,4.878205125443336,4.396786456895646,11.300955034839028,5.967211021662396,7.310898369740727,4.818027791874877
4.154796753822477,0.0,0.68,0.57,0.42,1.2574047346286983,0.6363961030678927,0.7101408311032398,0.53
3.739957262839891,0.68,0.0,0.52,0.41,1.0900229355385145,0.5303300858899106,0.6235382907247959,0.47
4.878205125443336,0.57,0.52,0.0,0.56,1.5064361918116547,0.7778174593052022,0.9410809387790902,0.65
4.396786456895646,0.42,0.41,0.56,0.0,1.3553843243400252,0.7495331880577403,0.7909698687897874,0.6
11.300955034839031,1.2574047346286983,1.0900229355385145,1.5064361918116547,1.3553843243400252,3.663333333333334,2.3498155956017768,2.3782358073907552,1.5023537089070158
5.967211021662396,0.6363961030678927,0.5303300858899106,0.7778174593052022,0.7495331880577403,2.349815595601777,0.8099999999999999,1.3227244611029163,0.7566042558696058
7.310898369740727,0.7101408311032398,0.6235382907247959,0.9410809387790902,0.7909698687897874,2.3782358073907557,1.3227244611029163,1.4400000000000002,0.9641749495466752
4.818027791874875,0.53,0.47,0.65,0.6,1.502353708907016,0.7566042558696058,0.9641749495466752,0.0
