1,2,3,4,5,6,7,8,9
0.6073388888888888,0.5046666666666669,0.41741666666666677,0.5377,0.5776666666666668,0.5553333333333333,0.6171666666666664,0.5499999999999999,0.6344166666666666
0.5046666666666669,1.0,0.30500000000000005,0.406,0.45,0.4,0.475,0.4,0.52
0.4174166666666667,0.30500000000000005,0.9,0.5910000000000002,0.41000000000000003,0.41500000000000004,0.5525,0.53,0.4775
0.5377000000000002,0.406,0.591,0.7744000000000001,0.5140000000000001,0.522,0.7050000000000001,0.6900000000000001,0.5750000000000001
0.5776666666666668,0.45,0.41000000000000003,0.5140000000000001,1.0,0.67,0.6074999999999999,0.53,0.63
0.5553333333333333,0.4,0.41500000000000004,0.522,0.67,1.0,0.61,0.52,0.565
0.6171666666666668,0.475,0.5525,0.7050000000000001,0.6074999999999999,0.61,0.85875,0.7775000000000001,0.6575
0.5499999999999999,0.4,0.53,0.6900000000000001,0.53,0.52,0.7775000000000001,1.0,0.585
0.6344166666666669,0.52,0.47750000000000004,0.5750000000000001,0.63,0.565,0.6575,0.585,0.9
