1,2,3,4,5,6,7,8,9
0.6022707612456749,0.5525,0.46676470588235286,0.5986764705882354,0.6177941176470589,0.5657352941176469,0.5044117647058824,0.6248529411764706,0.5005882352941176
0.5525,1.0,0.61,0.58,0.62,0.56,0.45,0.59,0.36
0.46676470588235286,0.61,1.0,0.49,0.52,0.46,0.42,0.47,0.345
0.5986764705882354,0.58,0.49,1.0,0.68,0.63,0.55,0.64,0.485
0.6177941176470589,0.62,0.52,0.68,1.0,0.64,0.58,0.67,0.49
0.5657352941176469,0.56,0.46,0.63,0.64,1.0,0.56,0.61,0.435
0.5044117647058824,0.45,0.42,0.55,0.58,0.56,1.0,0.49,0.415
0.6248529411764706,0.59,0.47,0.64,0.67,0.61,0.49,1.0,0.49
0.5005882352941177,0.36,0.345,0.485,0.49,0.435,0.415,0.49,0.935
