1,2,3,4,5,6,7,8,9
0.7365432098765432,0.7522222222222222,0.49977011494252865,0.5822222222222222,0.5083333333333333,0.5277777777777778,0.53,0.5677777777777776,0.46555555555555556
0.7522222222222222,1.0,0.5022413793103447,0.6,0.505,0.54,0.52,0.57,0.47
0.49977011494252865,0.5022413793103447,0.6135315101070153,0.6039655172413793,0.5642241379310345,0.5622413793103449,0.6096551724137932,0.645919540229885,0.6081034482758624
0.5822222222222222,0.6,0.6039655172413793,1.0,0.625,0.62,0.63,0.66,0.56
0.5083333333333333,0.505,0.5642241379310345,0.625,0.915,0.6100000000000001,0.5800000000000001,0.6266666666666666,0.5249999999999999
0.5277777777777778,0.54,0.5622413793103449,0.62,0.6100000000000001,1.0,0.6,0.6466666666666666,0.52
0.53,0.52,0.6096551724137931,0.63,0.5800000000000001,0.6,1.0,0.7333333333333333,0.59
0.5677777777777777,0.57,0.6459195402298851,0.6599999999999999,0.6266666666666667,0.6466666666666666,0.7333333333333333,0.8466666666666667,0.6233333333333333
0.4655555555555555,0.47,0.6081034482758618,0.56,0.5249999999999999,0.52,0.59,0.6233333333333333,1.0
