1,2,3,4,5,6,7,8,9
40.05588235294117,4.085512603737028,5.122352400767351,5.090822769512629,4.765825031963942,4.1788888193760165,5.1312376674638625,4.808268766345298,4.999871910124004
4.085512603737028,0.0,0.52,0.53,0.47,0.41,0.43133513652379396,0.41,0.47
5.122352400767351,0.52,0.0,0.7,0.62,0.58,0.5727564927611034,0.59,0.64
5.090822769512629,0.53,0.7,0.0,0.65,0.57,0.5727564927611034,0.58,0.63
4.765825031963942,0.47,0.62,0.65,0.0,0.52,0.5161879502661796,0.53,0.57
4.1788888193760165,0.41,0.58,0.57,0.52,0.0,0.48790367901871773,0.45,0.5
5.131237667463863,0.43133513652379396,0.5727564927611034,0.5727564927611034,0.5161879502661796,0.48790367901871773,0.7999999999999999,0.7778174593052022,0.7495331880577403
4.808268766345302,0.41,0.59,0.58,0.53,0.45,0.7778174593052022,0.0,0.71
4.9998719101240034,0.47,0.64,0.63,0.57,0.5,0.7495331880577403,0.71,0.0
