1,2,3,4,5,6,7,8,9
0.6107329026509244,0.501044776119403,0.6101492537313431,0.5734328358208955,0.3914925373134328,0.6102985074626867,0.5011940298507463,0.4835820895522389,0.49783582089552236
0.501044776119403,1.0,0.45999999999999996,0.47,0.27,0.45,0.36,0.35,0.36
0.6101492537313431,0.45999999999999996,0.94,0.6,0.375,0.605,0.505,0.48,0.48
0.5734328358208955,0.47,0.6,1.0,0.31,0.62,0.48,0.43,0.435
0.3914925373134328,0.27,0.375,0.31,1.0,0.36,0.27,0.4,0.52
0.6102985074626867,0.45,0.605,0.62,0.36,1.0,0.67,0.58,0.5
0.5011940298507462,0.36,0.505,0.48,0.27,0.67,1.0,0.47,0.41
0.48358208955223886,0.35,0.48,0.43,0.4,0.58,0.47,1.0,0.52
0.4978358208955224,0.36,0.48,0.435,0.52,0.5,0.41,0.52,0.935
