1,2,3,4,5,6,7,8,9
4.374285714285714,10.508571428571425,1.9540763254577045,1.2888588529614646,1.3682313922934024,1.4627225105457091,1.319096010802203,1.183028800518881,1.1414527084878663
10.508571428571425,37.739682539682526,4.113513347917088,4.486438294619527,4.511635926153474,4.701878044234786,4.956374122727666,4.039180334891942,4.792589517757
1.9540763254577045,4.113513347917088,0.0,0.51,0.55,0.55,0.55,0.43,0.46
1.2888588529614646,4.486438294619527,0.51,0.0,0.58,0.59,0.59,0.5,0.48
1.3682313922934024,4.511635926153474,0.55,0.58,0.0,0.57,0.59,0.56,0.52
1.4627225105457091,4.701878044234786,0.55,0.59,0.57,0.0,0.57,0.56,0.53
1.319096010802203,4.956374122727665,0.55,0.59,0.59,0.57,0.0,0.5,0.59
1.1830288005188812,4.03918033489194,0.43,0.5,0.56,0.56,0.5,0.0,0.44
1.141452708487866,4.792589517757,0.46,0.48,0.52,0.53,0.59,0.44,0.0
