1,2,3,4,5,6,7,8,9
39.0621212121212,4.425139100707005,4.453450143632254,4.913812319894964,5.050443874882025,5.167380791312387,5.039548139917448,7.828019635523496,3.9241567324211255
4.425139100707005,0.0,0.78,0.58,0.6,0.57,0.43133513652379396,0.7447818472546174,0.37
4.453450143632254,0.78,0.0,0.6,0.57,0.59,0.4454772721475249,0.7794228634059949,0.37
4.913812319894964,0.58,0.6,0.0,0.67,0.67,0.5374011537017761,0.917986928011505,0.46
5.050443874882025,0.6,0.57,0.67,0.0,0.66,0.5727564927611034,0.9410809387790902,0.48
5.167380791312387,0.57,0.59,0.67,0.66,0.0,0.6010407640085653,0.9930424630061564,0.48
5.039548139917451,0.43133513652379396,0.4454772721475249,0.5374011537017761,0.5727564927611034,0.6010407640085653,0.7999999999999999,1.2941470807704456,0.6505382386916236
7.828019635523498,0.7447818472546173,0.7794228634059949,0.9179869280115052,0.94108093877909,0.9930424630061565,1.2941470807704456,1.5066666666666673,0.9641749495466752
3.9241567324211277,0.37,0.37,0.46,0.48,0.48,0.6505382386916236,0.9641749495466752,0.0
