1,2,3,4,5,6,7,8,9
0.636906435911303,0.5230232558139535,0.5088372093023257,0.4993023255813954,0.6388372093023253,0.6077519379844961,0.5858139534883722,0.361860465116279,0.5204651162790698
0.5230232558139535,1.0,0.61,0.61,0.52,0.44,0.4505555555555555,0.27,0.3975
0.5088372093023257,0.61,1.0,0.59,0.51,0.42,0.42944444444444446,0.27,0.36750000000000005
0.4993023255813954,0.61,0.59,1.0,0.52,0.4166666666666667,0.4316666666666666,0.23,0.37
0.6388372093023253,0.52,0.51,0.52,1.0,0.5733333333333333,0.6272222222222222,0.35,0.54
0.6077519379844961,0.44,0.42,0.4166666666666667,0.5733333333333333,0.8844444444444444,0.5599999999999999,0.3466666666666666,0.5
0.585813953488372,0.45055555555555554,0.42944444444444435,0.43166666666666664,0.6272222222222222,0.5599999999999998,0.6882716049382716,0.4194444444444444,0.6111805555555555
0.3618604651162791,0.27,0.27,0.23,0.35,0.3466666666666667,0.4194444444444444,1.0,0.5449999999999999
0.5204651162790698,0.3975,0.36750000000000005,0.37,0.54,0.4999999999999999,0.6111805555555555,0.5449999999999999,0.7184375000000001
