1,2,3,4,5,6,7,8,9
0.6426611796982167,0.6062962962962963,0.6022222222222221,0.534074074074074,0.6355555555555557,0.5617883597883598,0.5683597883597883,0.5970370370370371,0.5056790123456789
0.6062962962962963,1.0,0.7,0.62,0.62,0.5111428571428571,0.5114285714285715,0.59,0.4433333333333333
0.6022222222222221,0.7,1.0,0.68,0.57,0.49514285714285705,0.49,0.55,0.45
0.534074074074074,0.62,0.68,1.0,0.51,0.42742857142857144,0.4328571428571429,0.46,0.37
0.6355555555555557,0.62,0.57,0.51,1.0,0.6094285714285713,0.5928571428571427,0.67,0.5633333333333334
0.5617883597883596,0.5111428571428571,0.49514285714285705,0.42742857142857144,0.6094285714285713,0.6345306122448979,0.582612244897959,0.6485714285714287,0.6044761904761904
0.5683597883597883,0.5114285714285715,0.49,0.43285714285714283,0.5928571428571429,0.5826122448979592,0.7951020408163264,0.5857142857142856,0.5157142857142857
0.597037037037037,0.59,0.55,0.46,0.67,0.6485714285714285,0.5857142857142856,1.0,0.5833333333333333
0.505679012345679,0.4433333333333333,0.45,0.37,0.5633333333333334,0.6044761904761903,0.5157142857142857,0.5833333333333333,0.851111111111111
