1,2,3,4,5,6,7,8,9
0.6055691690799733,0.49194029850746274,0.4655223880597014,0.5615671641791045,0.5926119402985074,0.5685074626865673,0.578507462686567,0.5011940298507463,0.5073134328358209
0.49194029850746274,1.0,0.61,0.45499999999999996,0.5,0.45,0.45,0.36,0.37
0.4655223880597014,0.61,1.0,0.47,0.525,0.49,0.42,0.35,0.35
0.5615671641791045,0.45499999999999996,0.47,0.915,0.6225,0.78,0.54,0.46,0.44999999999999996
0.5926119402985076,0.5,0.525,0.6225,0.9299999999999999,0.63,0.5549999999999999,0.505,0.48
0.5685074626865673,0.45,0.49,0.78,0.63,1.0,0.55,0.47,0.44
0.5785074626865672,0.45,0.42,0.54,0.5549999999999999,0.55,1.0,0.56,0.46
0.5011940298507462,0.36,0.35,0.46,0.505,0.47,0.56,1.0,0.41
0.5073134328358209,0.37,0.35,0.44999999999999996,0.48,0.44,0.46,0.41,1.0
