1,2,3,4,5,6,7,8,9
0.5991534862998439,0.5391044776119404,0.4677611940298508,0.6186567164179108,0.6146268656716419,0.608955223880597,0.602089552238806,0.5459203980099502,0.5237313432835821
0.5391044776119404,1.0,0.7,0.59,0.6,0.53,0.51,0.43,0.41
0.4677611940298508,0.7,1.0,0.52,0.51,0.43,0.41,0.3733333333333333,0.37
0.6186567164179108,0.59,0.52,1.0,0.7,0.63,0.64,0.5433333333333333,0.54
0.6146268656716419,0.6,0.51,0.7,1.0,0.62,0.66,0.5599999999999999,0.5
0.608955223880597,0.53,0.43,0.63,0.62,1.0,0.82,0.62,0.53
0.602089552238806,0.51,0.41,0.64,0.66,0.82,1.0,0.6266666666666667,0.52
0.5459203980099502,0.43,0.3733333333333333,0.5433333333333333,0.5599999999999999,0.62,0.6266666666666667,0.8066666666666668,0.6233333333333333
0.5237313432835821,0.41,0.37,0.54,0.5,0.53,0.52,0.6233333333333333,1.0
