1,2,3,4,5,6,7,8,9
39.14328358208956,4.4127603301497444,3.8287903861266064,5.063923468568853,5.03093771859265,4.984513329737254,4.928315385333353,7.739757442816398,4.286925802462749
4.4127603301497444,0.0,0.7,0.59,0.6,0.53,0.51,0.7447818472546173,0.41
3.8287903861266064,0.7,0.0,0.52,0.51,0.43,0.41,0.6466323014923809,0.37
5.063923468568853,0.59,0.52,0.0,0.7,0.63,0.64,0.9410809387790902,0.54
5.03093771859265,0.6,0.51,0.7,0.0,0.62,0.66,0.9699484522385714,0.5
4.984513329737254,0.53,0.43,0.63,0.62,0.0,0.82,1.0738715006927042,0.53
4.928315385333353,0.51,0.41,0.64,0.66,0.82,0.0,1.0854185060764967,0.52
7.739757442816401,0.7447818472546173,0.6466323014923809,0.9410809387790902,0.9699484522385714,1.0738715006927042,1.0854185060764967,1.4200000000000004,1.0796450033846003
4.28692580246275,0.41,0.37,0.54,0.5,0.53,0.52,1.0796450033846003,0.0
