1,2,3,4,5,6,7,8,9
5.119999999999999,2.704999999999999,11.05486727052172,1.5909902576697317,1.5768481220460007,1.4813887065858171,0.7707463914933368,1.039446968344225,1.279863273947651
2.704999999999999,0.7999999999999999,5.999803890237703,0.834386001800126,0.8626702730475879,0.7848885271170677,0.4384062043356594,0.5444722215136415,0.7212489168102784
11.054867270521722,5.999803890237703,37.057704918032805,4.720719763125874,4.8705229126473615,4.531225180825189,3.174034253536491,4.0485261434781705,4.796261522286283
1.5909902576697317,0.834386001800126,4.720719763125874,0.0,0.67,0.63,0.33,0.49,0.58
1.5768481220460007,0.8626702730475879,4.8705229126473615,0.67,0.0,0.65,0.35,0.48,0.58
1.4813887065858171,0.7848885271170677,4.531225180825189,0.63,0.65,0.0,0.35,0.44,0.55
0.7707463914933368,0.4384062043356594,3.174034253536491,0.33,0.35,0.35,0.0,0.52,0.49
1.039446968344225,0.5444722215136415,4.0485261434781705,0.49,0.48,0.44,0.52,0.0,0.62
1.2798632739476508,0.7212489168102785,4.796261522286283,0.58,0.58,0.55,0.49,0.62,0.0
