1,2,3,4,5,6,7,8,9
0.6047048939298466,0.5242028985507245,0.4871014492753625,0.5402898550724639,0.6013043478260869,0.5917391304347828,0.5069565217391304,0.5004347826086956,0.5023188405797102
0.5242028985507245,1.0,0.71,0.76,0.58,0.46,0.47,0.36,0.35
0.4871014492753625,0.71,1.0,0.7,0.51,0.45,0.41,0.37,0.35
0.5402898550724639,0.76,0.7,1.0,0.6,0.51,0.46,0.39,0.37
0.6013043478260869,0.58,0.51,0.6,1.0,0.55,0.55,0.49,0.48
0.5917391304347828,0.46,0.45,0.51,0.55,1.0,0.48,0.46,0.48
0.5069565217391304,0.47,0.41,0.46,0.55,0.48,1.0,0.41,0.42
0.5004347826086956,0.36,0.37,0.39,0.49,0.46,0.41,1.0,0.87
0.5023188405797101,0.35,0.35,0.37,0.48,0.48,0.42,0.87,1.0
