1,2,3,4,5,6,7,8,9
36.01161290322582,4.3319743319764985,4.842514842517264,7.532529063071814,7.592654380230569,9.175759175763764,4.5974045974068956,3.919223919225879,5.397505397508096
4.3319743319764985,0.0,0.59,1.0565509926170153,0.9641749495466752,1.2,0.65,0.4,0.62
4.842514842517264,0.59,0.0,0.9641749495466752,1.0911920087683928,1.2750000000000001,0.63,0.52,0.72
7.532529063071814,1.0565509926170153,0.9641749495466752,1.5400000000000003,1.573333333333334,1.9485571585149875,1.1835680518387328,0.8198373822492687,1.0623244953089115
7.592654380230567,0.9641749495466752,1.0911920087683928,1.5733333333333337,1.593333333333334,2.141969498693512,0.9872689603142603,0.80251687417358,1.0911920087683928
9.175759175763766,1.2,1.2750000000000001,1.9485571585149872,2.141969498693512,2.445,1.17,0.99,1.3050000000000002
4.597404597406896,0.65,0.63,1.183568051838733,0.9872689603142603,1.17,0.0,0.5,0.67
3.919223919225879,0.4,0.52,0.8198373822492686,0.80251687417358,0.99,0.5,0.0,0.59
5.397505397508097,0.62,0.72,1.0623244953089115,1.0911920087683928,1.3050000000000002,0.67,0.59,0.0
