1,2,3,4,5,6,7,8,9
0.6296152105024899,0.5006382978723404,0.639787234042553,0.6187234042553194,0.6165957446808511,0.6159574468085105,0.5440715667311412,0.5385106382978724,0.5593617021276597
0.5006382978723404,1.0,0.52,0.49,0.42,0.53,0.39636363636363636,0.395,0.4
0.639787234042553,0.52,1.0,0.66,0.61,0.65,0.5727272727272726,0.55,0.61
0.6187234042553194,0.49,0.66,1.0,0.55,0.63,0.5527272727272726,0.55,0.58
0.6165957446808511,0.42,0.61,0.55,1.0,0.56,0.5331818181818182,0.54,0.52
0.6159574468085105,0.53,0.65,0.63,0.56,1.0,0.5277272727272728,0.55,0.53
0.5440715667311413,0.39636363636363636,0.5727272727272728,0.5527272727272727,0.5331818181818182,0.5277272727272727,0.6580991735537192,0.5736363636363636,0.675
0.5385106382978724,0.395,0.55,0.55,0.54,0.55,0.5736363636363636,0.905,0.5700000000000001
0.5593617021276596,0.4,0.61,0.58,0.52,0.53,0.675,0.5700000000000001,1.0
