1,2,3,4,5,6,7,8,9
4.932499999999999,2.0541451993469204,2.0541451993469204,10.282517781845176,4.512519775272151,1.3611805537841037,1.4990663761154805,1.7824999999999995,1.495530842209548
2.0541451993469204,0.0,0.75,3.707361620975117,1.61,0.49,0.53,0.6576093065034891,0.54
2.0541451993469204,0.75,0.0,3.715603254812039,1.6499999999999997,0.51,0.55,0.6576093065034891,0.52
10.282517781845176,3.707361620975117,3.715603254812039,31.88716981132076,12.829476672807552,4.317242524907295,4.439493426821628,6.078306926631758,4.578227596409806
4.51251977527215,1.61,1.6499999999999997,12.829476672807553,5.622222222222222,1.91,1.9100000000000001,2.22974338334158,1.7733333333333332
1.3611805537841037,0.49,0.51,4.317242524907295,1.91,0.0,0.59,0.714177848998413,0.61
1.4990663761154805,0.53,0.55,4.43949342682163,1.9100000000000001,0.59,0.0,0.7919595949289332,0.61
1.7824999999999995,0.6576093065034891,0.6576093065034891,6.078306926631759,2.22974338334158,0.714177848998413,0.7919595949289332,0.6699999999999999,0.8061017305526641
1.495530842209548,0.54,0.52,4.578227596409806,1.7733333333333334,0.61,0.61,0.8061017305526641,0.0
