1,2,3,4,5,6,7,8,9
5.119999999999999,10.796492943007975,1.5909902576697317,3.5275207299178266,1.2020815280171306,1.1596551211459376,1.0253048327204939,1.4955308422095481,1.4375
10.796492943007976,34.520000000000024,4.557715840660815,10.267183098198348,4.378903972457036,4.071612465617945,3.728558585138098,4.634538717370589,5.449056251782294
1.5909902576697317,4.557715840660815,0.0,1.4713327291948617,0.53,0.49,0.46,0.6,0.685893577750951
3.5275207299178266,10.267183098198348,1.4713327291948617,3.3,1.1538110763898914,1.1135618527948952,0.9793977741449078,1.3103358348148766,1.527380109861327
1.2020815280171306,4.378903972457036,0.53,1.1538110763898914,0.0,0.65,0.87,0.55,0.8768124086713189
1.1596551211459376,4.071612465617945,0.49,1.1135618527948952,0.65,0.0,0.55,0.51,0.7919595949289332
1.0253048327204937,3.728558585138098,0.46,0.9793977741449078,0.87,0.55,0.0,0.47,0.7353910524340094
1.495530842209548,4.634538717370589,0.6,1.3103358348148766,0.55,0.51,0.47,0.0,0.700035713374682
1.4374999999999998,5.449056251782295,0.685893577750951,1.527380109861327,0.8768124086713189,0.7919595949289332,0.7353910524340094,0.700035713374682,0.8699999999999999
