1,2,3,4,5,6,7,8,9
6.419999999999999,1.8277964875773234,12.017248347984772,2.0974317628948027,1.6728448822290725,0.8854377448471461,1.1479067906411216,1.7044676588307563,3.421584428302187
1.8277964875773234,0.0,4.67840803967699,0.8273149339882605,0.64,0.4,0.5,0.64,1.3399999999999999
12.017248347984776,4.67840803967699,33.87214285714286,6.316731255166711,4.2828614016466,3.005352665305213,3.8432166587006638,4.777294699184586,9.396905265640843
2.0974317628948027,0.8273149339882605,6.31673125516671,0.8599999999999999,0.7495331880577404,0.4949747468305832,0.6434671708797582,0.8414570696119915,1.7642314190604358
1.6728448822290725,0.64,4.2828614016466,0.7495331880577404,0.0,0.31,0.41,0.61,1.2149999999999999
0.8854377448471461,0.4,3.005352665305213,0.4949747468305832,0.31,0.0,0.8,0.38,0.875
1.1479067906411218,0.5,3.843216658700663,0.6434671708797582,0.41,0.8,0.0,0.5,1.0550000000000002
1.7044676588307566,0.64,4.777294699184586,0.8414570696119915,0.61,0.38,0.5,0.0,1.24
3.4215844283021863,1.3399999999999999,9.396905265640843,1.7642314190604358,1.2149999999999999,0.875,1.0550000000000002,1.24,2.335
