1,2,3,4,5,6,7,8,9
0.7526530612244897,0.5067681498829041,0.7328571428571428,0.7314285714285715,0.5714285714285714,0.44,0.47857142857142854,0.4352380952380952,0.3657142857142857
0.5067681498829039,0.621268476216071,0.5055737704918033,0.5234426229508197,0.6257377049180327,0.5147540983606558,0.5895081967213115,0.5734426229508197,0.5149180327868852
0.7328571428571428,0.5055737704918033,1.0,0.76,0.56,0.47,0.48,0.42,0.36
0.7314285714285715,0.5234426229508197,0.76,1.0,0.58,0.46,0.49,0.44666666666666666,0.39
0.5714285714285714,0.6257377049180327,0.56,0.58,1.0,0.58,0.63,0.56,0.5
0.44,0.5147540983606558,0.47,0.46,0.58,1.0,0.48,0.4333333333333333,0.41
0.47857142857142854,0.5895081967213115,0.48,0.49,0.63,0.48,1.0,0.5133333333333333,0.46
0.4352380952380952,0.5734426229508197,0.42,0.44666666666666666,0.56,0.43333333333333335,0.5133333333333333,0.8444444444444444,0.5966666666666667
0.36571428571428566,0.5149180327868853,0.36,0.39,0.5,0.41,0.46,0.5966666666666667,1.0
