1,2,3,4,5,6,7,8,9
0.6045556640625,0.5445312500000001,0.47484374999999984,0.6218750000000001,0.6065624999999998,0.6084375000000002,0.5751562499999999,0.436953125,0.5839453125000001
0.5445312500000001,1.0,0.68,0.59,0.5549999999999999,0.53,0.55,0.325,0.4775
0.47484374999999984,0.68,1.0,0.52,0.5,0.48,0.47,0.31,0.4075
0.6218750000000001,0.59,0.52,1.0,0.665,0.66,0.65,0.45,0.5925
0.6065625000000001,0.5549999999999999,0.5,0.665,0.905,0.645,0.645,0.40249999999999997,0.5700000000000001
0.6084375000000002,0.53,0.48,0.66,0.645,1.0,0.64,0.42,0.5774999999999999
0.5751562500000001,0.55,0.47,0.65,0.645,0.64,1.0,0.39,0.53
0.43695312499999994,0.325,0.31,0.45,0.40249999999999997,0.42,0.39,0.9,0.54
0.5839453125,0.4775,0.4075,0.5925,0.5700000000000001,0.5774999999999999,0.53,0.54,0.81875
