1,2,3,4,5,6,7,8,9
0.6078102027177542,0.47283582089552234,0.4673134328358209,0.621044776119403,0.5640298507462687,0.5683582089552239,0.6389552238805969,0.39119402985074614,0.498955223880597
0.47283582089552234,1.0,0.59,0.52,0.4633333333333334,0.46,0.53,0.27,0.35
0.4673134328358209,0.59,1.0,0.52,0.4766666666666667,0.46,0.54,0.23,0.32
0.621044776119403,0.52,0.52,1.0,0.64,0.64,0.71,0.4,0.5
0.5640298507462688,0.4633333333333334,0.4766666666666667,0.64,0.8644444444444443,0.6066666666666667,0.6566666666666666,0.34333333333333327,0.43666666666666665
0.5683582089552239,0.46,0.46,0.64,0.6066666666666667,1.0,0.62,0.31,0.41
0.638955223880597,0.53,0.54,0.71,0.6566666666666666,0.62,1.0,0.38,0.5
0.39119402985074636,0.27,0.23,0.4,0.34333333333333327,0.31,0.38,1.0,0.8
0.49895522388059704,0.35,0.32,0.5,0.43666666666666665,0.41,0.5,0.8,1.0
