1,2,3,4,5,6,7,8,9
37.613125000000004,3.767500000000001,4.3825,4.892500000000001,4.9725,4.53625,5.076249999999998,10.150071566865922,5.555207649696814
3.767500000000001,0.0,0.68,0.52,0.52,0.37,0.49,0.8899550550449162,0.4879036790187178
4.3825,0.68,0.0,0.62,0.58,0.46,0.59,1.0375355415599024,0.537401153701776
4.892500000000001,0.52,0.62,0.0,0.67,0.54,0.65,1.2477259314448825,0.6929646455628165
4.9725,0.52,0.58,0.67,0.0,0.55,0.7,1.3058636988598773,0.6929646455628165
4.53625,0.37,0.46,0.54,0.55,0.0,0.57,1.1046175808848961,0.5868986283848343
5.07625,0.49,0.59,0.65,0.7,0.57,0.0,1.3237522426798753,0.67175144212722
10.150071566865922,0.8899550550449162,1.0375355415599024,1.2477259314448825,1.3058636988598773,1.1046175808848961,1.3237522426798753,2.956,1.9226648173823744
5.555207649696814,0.4879036790187178,0.537401153701776,0.6929646455628165,0.6929646455628165,0.5868986283848343,0.67175144212722,1.9226648173823742,0.8699999999999999
