1,2,3,4,5,6,7,8,9
0.5893776769967246,0.553968253968254,0.6219047619047618,0.6097619047619047,0.6015873015873013,0.5504761904761905,0.566957671957672,0.6055555555555557,0.6522222222222219
0.553968253968254,1.0,0.58,0.5800000000000001,0.56,0.52,0.4766666666666666,0.53,0.59
0.6219047619047618,0.58,1.0,0.825,0.67,0.54,0.5733333333333334,0.61,0.66
0.6097619047619047,0.5800000000000001,0.825,0.905,0.675,0.5549999999999999,0.5741666666666666,0.61,0.64
0.6015873015873013,0.56,0.67,0.675,1.0,0.54,0.5616666666666666,0.59,0.71
0.5504761904761905,0.52,0.54,0.5549999999999999,0.54,1.0,0.5533333333333332,0.61,0.6
0.5669576719576719,0.4766666666666667,0.5733333333333334,0.5741666666666667,0.5616666666666666,0.5533333333333332,0.805,0.7733333333333332,0.6366666666666666
0.6055555555555556,0.53,0.61,0.61,0.59,0.61,0.7733333333333332,1.0,0.67
0.6522222222222223,0.59,0.66,0.64,0.71,0.6,0.6366666666666666,0.67,1.0
