1,2,3,4,5,6,7,8,9
38.253939393939376,4.458373803271428,4.502686740023987,4.985205384662977,5.462800369662789,9.387572559538805,5.0922949818149945,4.870730298052196,3.2237661487487217
4.458373803271428,0.0,0.53,0.62,0.64,1.115,0.6,0.56,0.3
4.502686740023987,0.53,0.0,0.59,0.66,1.18,0.63,0.6,0.32
4.985205384662977,0.62,0.59,0.0,0.74,1.27,0.7,0.66,0.35
5.462800369662789,0.64,0.66,0.74,0.0,1.34,0.78,0.73,0.43
9.387572559538807,1.115,1.18,1.27,1.34,2.45,1.22,1.29,0.645
5.092294981814995,0.6,0.63,0.7,0.78,1.22,0.0,0.62,0.38
4.870730298052195,0.56,0.6,0.66,0.73,1.29,0.62,0.0,0.37
3.2237661487487244,0.3,0.32,0.35,0.43,0.645,0.38,0.37,0.0
