1,2,3,4,5,6,7,8,9
0.6009033203125,0.5281250000000001,0.549453125,0.5156250000000001,0.4806249999999999,0.61203125,0.6368750000000001,0.3939062499999999,0.5763281249999999
0.5281250000000001,1.0,0.72,0.78,0.73,0.53,0.5575,0.26,0.49
0.549453125,0.72,0.9,0.7,0.635,0.55,0.5887500000000001,0.31,0.535
0.5156250000000001,0.78,0.7,1.0,0.71,0.52,0.5525,0.27,0.485
0.4806249999999999,0.73,0.635,0.71,1.0,0.46,0.52,0.27,0.41500000000000004
0.61203125,0.53,0.55,0.52,0.46,1.0,0.665,0.41,0.685
0.6368750000000001,0.5575,0.58875,0.5525,0.52,0.665,0.85,0.45499999999999996,0.60375
0.39390625000000007,0.26,0.31,0.27,0.27,0.41,0.45499999999999996,1.0,0.385
0.5763281249999999,0.49,0.535,0.485,0.41500000000000004,0.685,0.60375,0.385,0.925
