1,2,3,4,5,6,7,8,9
35.884666666666654,4.78571642146363,4.282228586456668,5.312442156547835,4.719875704578104,4.7676424991813295,4.539136481755092,10.900591765281984,7.416292125374304
4.78571642146363,0.0,0.53,0.73,0.65,0.67,0.63,1.3965358928434313,0.9699484522385714
4.282228586456668,0.53,0.0,0.61,0.55,0.53,0.48,1.2727922061357855,0.7967433714816836
5.312442156547835,0.73,0.61,0.0,0.68,0.73,0.66,1.6122034611053284,1.1085125168440815
4.719875704578104,0.65,0.55,0.68,0.0,0.67,0.63,1.3222896808188438,0.9064399226277127
4.7676424991813295,0.67,0.53,0.73,0.67,0.0,0.64,1.3541094859722385,0.9757219549304676
4.539136481755093,0.63,0.48,0.66,0.63,0.64,0.0,1.262185604417987,0.8891194145520238
10.900591765281977,1.3965358928434313,1.2727922061357853,1.6122034611053282,1.3222896808188438,1.3541094859722385,1.262185604417987,4.494999999999999,3.063903419931292
7.416292125374303,0.9699484522385714,0.7967433714816836,1.1085125168440815,0.9064399226277127,0.9757219549304676,0.8891194145520238,3.0639034199312922,1.4933333333333338
