1,2,3,4,5,6,7,8,9
5.119999999999999,11.013331325035125,1.6369521984468574,2.6556551294674287,1.5273506473629426,1.1066221125569466,1.1596551211459376,1.0253048327204939,1.5414927829866736
11.013331325035127,36.132999999999996,4.7185847101293685,7.961892711884251,4.593358248601995,3.954315996477773,4.208641902878726,3.88202030734857,4.921270838580887
1.6369521984468574,4.7185847101293685,0.0,1.1258330249197706,0.65,0.49,0.52,0.45,0.67
2.655655129467429,7.961892711884251,1.1258330249197706,1.6466666666666672,1.3971876514388946,0.8602519010925426,0.8371578903249575,0.7447818472546174,1.1027390141521853
1.5273506473629426,4.593358248601995,0.65,1.3971876514388946,0.0,0.49,0.5,0.43,0.66
1.1066221125569466,3.954315996477773,0.49,0.8602519010925426,0.49,0.0,0.43,0.47,0.53
1.1596551211459378,4.208641902878726,0.52,0.8371578903249575,0.5,0.43,0.0,0.55,0.5
1.0253048327204937,3.8820203073485673,0.45,0.7447818472546173,0.43,0.47,0.55,0.0,0.47
1.5414927829866736,4.921270838580889,0.67,1.1027390141521853,0.66,0.53,0.5,0.47,0.0
