1,2,3,4,5,6,7,8,9
0.599651333753413,0.5621739130434782,0.5908695652173913,0.6315942028985506,0.506231884057971,0.49884057971014495,0.6495652173913044,0.48391304347826086,0.5017391304347827
0.5621739130434782,1.0,0.59,0.63,0.5,0.4,0.56,0.4,0.4
0.5908695652173913,0.59,1.0,0.61,0.56,0.51,0.62,0.42,0.48
0.6315942028985506,0.63,0.61,1.0,0.56,0.49,0.69,0.48,0.48
0.506231884057971,0.5,0.56,0.56,1.0,0.39,0.52,0.3,0.42
0.49884057971014495,0.4,0.51,0.49,0.39,1.0,0.57,0.47,0.41
0.6495652173913044,0.56,0.62,0.69,0.52,0.57,1.0,0.63,0.63
0.48391304347826086,0.4,0.42,0.48,0.3,0.47,0.63,1.0,0.54
0.5017391304347826,0.4,0.48,0.48,0.42,0.41,0.63,0.54,1.0
