1,2,3,4,5,6,7,8,9
36.130793650793635,4.39698670267401,4.936216017500508,6.844560405377187,4.7749511756832375,4.369269307986667,11.022916976791972,4.806448215100671,5.176853398649715
4.39698670267401,0.0,0.58,0.8202438661763951,0.56,0.52,1.1675901107266482,0.53,0.59
4.936216017500508,0.58,0.0,1.1667261889578033,0.67,0.54,1.4043741191956889,0.61,0.66
6.84456040537719,0.8202438661763951,1.1667261889578033,0.8099999999999999,0.9545941546018392,0.7848885271170677,1.9889716773582609,0.8626702730475879,0.9050966799187807
4.7749511756832375,0.56,0.67,0.9545941546018392,0.0,0.54,1.3757967388632184,0.59,0.71
4.369269307986667,0.52,0.54,0.7848885271170677,0.54,0.0,1.3553843243400254,0.61,0.6
11.02291697679197,1.1675901107266482,1.4043741191956889,1.9889716773582609,1.3757967388632184,1.3553843243400254,3.830000000000001,1.8942720677523248,1.5595084695719568
4.806448215100672,0.53,0.61,0.8626702730475879,0.59,0.61,1.8942720677523248,0.0,0.67
5.176853398649714,0.59,0.66,0.9050966799187807,0.71,0.6,1.5595084695719568,0.67,0.0
