1,2,3,4,5,6,7,8,9
0.5974218749999999,0.5278125000000001,0.45578125,0.5312499999999999,0.5920312500000001,0.5856249999999998,0.5651562499999999,0.5790624999999999,0.6209375
0.5278125000000001,1.0,0.7,0.78,0.58,0.5683333333333332,0.54,0.44,0.52
0.45578125,0.7,1.0,0.68,0.49,0.5099999999999999,0.49,0.39,0.42
0.5312499999999999,0.78,0.68,1.0,0.6,0.5783333333333333,0.55,0.46,0.53
0.5920312500000001,0.58,0.49,0.6,1.0,0.65,0.63,0.54,0.62
0.5856249999999998,0.5683333333333332,0.5099999999999999,0.5783333333333333,0.65,0.8494444444444443,0.6366666666666667,0.54,0.58
0.56515625,0.54,0.49,0.55,0.63,0.6366666666666666,1.0,0.51,0.6
0.5790625,0.44,0.39,0.46,0.54,0.54,0.51,1.0,0.6
0.6209374999999999,0.52,0.42,0.53,0.62,0.58,0.6,0.6,1.0
