1,2,3,4,5,6,7,8,9
0.59849609375,0.52390625,0.46687499999999993,0.5621875,0.5992187500000005,0.632734375,0.5018749999999998,0.39312499999999995,0.5559374999999999
0.52390625,1.0,0.65,0.54,0.54,0.5633333333333332,0.47,0.27,0.48
0.46687499999999993,0.65,1.0,0.46,0.44,0.48499999999999993,0.42,0.23,0.41
0.5621875,0.54,0.46,1.0,0.6,0.6366666666666666,0.56,0.31,0.53
0.5992187500000005,0.54,0.44,0.6,1.0,0.7316666666666667,0.52,0.43,0.56
0.632734375,0.5633333333333332,0.48499999999999993,0.6366666666666666,0.7316666666666667,0.8199999999999998,0.56,0.4266666666666666,0.5933333333333333
0.5018750000000001,0.47,0.42,0.56,0.52,0.56,1.0,0.3,0.43
0.39312500000000006,0.27,0.23,0.31,0.43,0.42666666666666664,0.3,1.0,0.37
0.5559375,0.48,0.41,0.53,0.56,0.5933333333333333,0.43,0.37,1.0
