1,2,3,4,5,6,7,8,9
0.6031632880374249,0.5535820895522389,0.47432835820895525,0.5580597014925373,0.5649751243781095,0.618358208955224,0.3959701492537312,0.6067164179104475,0.6017910447761193
0.5535820895522389,1.0,0.62,0.53,0.4866666666666667,0.61,0.3,0.54,0.55
0.47432835820895525,0.62,1.0,0.47,0.42,0.49,0.27,0.43,0.47
0.5580597014925373,0.53,0.47,1.0,0.6066666666666666,0.62,0.32,0.5,0.62
0.5649751243781096,0.4866666666666667,0.42,0.6066666666666666,0.8777777777777778,0.57,0.3433333333333333,0.58,0.5733333333333333
0.618358208955224,0.61,0.49,0.62,0.57,1.0,0.35,0.63,0.61
0.3959701492537315,0.3,0.27,0.32,0.3433333333333333,0.35,1.0,0.4,0.43
0.6067164179104478,0.54,0.43,0.5,0.58,0.63,0.4,1.0,0.55
0.6017910447761196,0.55,0.47,0.62,0.5733333333333333,0.61,0.43,0.55,1.0
