1,2,3,4,5,6,7,8,9
37.19406250000001,4.425000000000001,9.48625,4.267500000000002,4.501249999999999,4.887499999999999,6.607912870188285,4.8287499999999985,5.923787059390301
4.425000000000001,0.0,1.085,0.47,0.56,0.61,0.7990306627407987,0.54,0.5798275605729689
9.48625,1.085,2.31,1.3450000000000002,1.195,1.2550000000000001,1.6935207409417812,1.19,1.400071426749364
4.267500000000002,0.47,1.3450000000000002,0.0,0.48,0.55,0.7495331880577404,0.54,0.6505382386916236
4.501249999999999,0.56,1.195,0.48,0.0,0.65,0.8131727983645296,0.62,0.6646803743153546
4.887499999999999,0.61,1.2550000000000001,0.55,0.65,0.0,0.9333809511662426,0.66,0.7424621202458748
6.6079128701882865,0.7990306627407987,1.6935207409417812,0.7495331880577404,0.8131727983645296,0.9333809511662426,0.8099999999999999,0.834386001800126,0.9149999999999998
4.8287499999999985,0.54,1.19,0.54,0.62,0.66,0.834386001800126,0.0,0.8697413408594534
5.9237870593903015,0.5798275605729689,1.400071426749364,0.6505382386916236,0.6646803743153546,0.7424621202458748,0.9149999999999998,0.8697413408594534,0.8699999999999999
