1,2,3,4,5,6,7,8,9
29.42960000000001,4.119604107192828,3.5751318856791836,4.343049850047776,4.121018320755199,16.859682908189757,4.3006234431765815,7.5830131214445355,3.5906882348652887
4.119604107192828,0.0,0.63,0.62,0.52,2.2143502565817204,0.59,0.9299999999999999,0.43
3.5751318856791836,0.63,0.0,0.53,0.44,1.8966285877841245,0.47,0.7849999999999999,0.37
4.343049850047776,0.62,0.53,0.0,0.57,2.4617365941187797,0.67,1.07,0.52
4.121018320755199,0.52,0.44,0.57,0.0,2.3428941378509767,0.56,0.97,0.44
16.859682908189757,2.2143502565817204,1.8966285877841245,2.4617365941187797,2.3428941378509767,10.271764705882353,2.522370500377863,4.808268766345302,2.2992377253444367
4.300623443176582,0.59,0.47,0.67,0.56,2.5223705003778627,0.0,1.04,0.51
7.583013121444535,0.93,0.785,1.0699999999999998,0.97,4.808268766345301,1.04,2.11,1.3450000000000002
3.590688234865288,0.43,0.37,0.52,0.44,2.2992377253444367,0.51,1.3450000000000002,0.0
