1,2,3,4,5,6,7,8,9
6.419999999999999,10.536041178779165,5.913544320335432,3.9187857813358464,1.6760071598892414,0.8854377448471461,1.258586508747015,1.7044676588307563,1.4736213896384647
10.536041178779165,26.10418604651163,15.056027595070411,8.732255522579942,3.800264372688508,2.7342993660636004,3.2131448769079793,4.010712399747503,3.57609147429958
5.913544320335431,15.056027595070407,8.775714285714287,4.950636899863059,2.1380899352993956,1.5661508776068072,2.1888695712627557,2.637868457675629,2.4000059523735713
3.918785781335846,8.732255522579944,4.950636899863058,3.2720000000000002,1.4221392336898662,0.7468467044849297,1.095673308974897,1.3550571943648726,1.1851160280748885
1.6760071598892414,3.800264372688508,2.1380899352993956,1.4221392336898662,0.0,0.35,0.47,0.57,0.52
0.8854377448471461,2.7342993660636004,1.5661508776068072,0.7468467044849297,0.35,0.0,0.27,0.38,0.37
1.258586508747015,3.2131448769079802,2.1888695712627557,1.095673308974897,0.47,0.27,0.0,0.67,0.56
1.7044676588307566,4.010712399747503,2.6378684576756286,1.3550571943648726,0.57,0.38,0.67,0.0,0.73
1.4736213896384647,3.576091474299579,2.400005952373571,1.1851160280748885,0.52,0.37,0.56,0.73,0.0
