1,2,3,4,5,6,7,8,9
0.592719982178659,0.5629850746268655,0.46910447761194024,0.5729104477611942,0.6892537313432834,0.5808208955223881,0.6019402985074627,0.6234328358208954,0.5541791044776119
0.5629850746268655,1.0,0.59,0.535,0.67,0.5700000000000001,0.57,0.62,0.53
0.46910447761194024,0.59,1.0,0.43,0.56,0.475,0.49,0.51,0.4
0.5729104477611938,0.535,0.43,0.915,0.6699999999999999,0.5625,0.58,0.61,0.52
0.6892537313432834,0.67,0.56,0.6699999999999999,1.0,0.67,0.86,0.86,0.63
0.580820895522388,0.5700000000000001,0.475,0.5625,0.67,0.89,0.5549999999999999,0.605,0.525
0.6019402985074627,0.57,0.49,0.58,0.86,0.5549999999999999,1.0,0.75,0.56
0.6234328358208955,0.62,0.51,0.61,0.86,0.605,0.75,1.0,0.58
0.5541791044776119,0.53,0.4,0.52,0.63,0.525,0.56,0.58,1.0
