1,2,3,4,5,6,7,8,9
5.628888888888888,2.2566666666666664,11.418407401481474,1.7466666666666666,2.1566756826189697,1.5833333333333335,1.59,2.9502598755589875,1.3966666666666665
2.2566666666666664,0.0,3.824956389203719,0.6,0.7141778489984129,0.54,0.52,0.9872689603142601,0.47
11.418407401481474,3.824956389203719,34.584827586206885,4.599664343076082,6.0768799418440205,4.2819027755555545,4.64299546591979,8.520263911783294,4.631177886962412
1.7466666666666666,0.6,4.599664343076082,0.0,0.8838834764831843,0.62,0.63,1.1431535329954592,0.56
2.1566756826189697,0.7141778489984129,6.07687994184402,0.8838834764831843,0.8299999999999998,0.8626702730475879,0.8202438661763951,1.5350135721441251,0.7424621202458748
1.5833333333333335,0.54,4.2819027755555545,0.62,0.8626702730475879,0.0,0.6,1.1200595222278742,0.52
1.5899999999999999,0.52,4.642995465919788,0.63,0.8202438661763951,0.6,0.0,1.2701705922171769,0.59
2.950259875558988,0.9872689603142601,8.520263911783298,1.1431535329954592,1.5350135721441251,1.1200595222278742,1.2701705922171769,1.5400000000000005,1.0796450033846003
1.3966666666666665,0.47,4.631177886962415,0.56,0.7424621202458748,0.52,0.59,1.0796450033846003,0.0
