1,2,3,4,5,6,7,8,9
4.268571428571428,10.471846062331204,1.9389577465373353,1.9351781018072434,1.5118578920369088,1.1641305768684198,1.2661809845809109,1.9945115167569705,0.9675890509036217
10.471846062331204,36.897377049180314,3.9486573771305116,4.088217576257369,4.88716770703864,4.020358029892935,4.60420620238694,7.757388017397289,4.021638398692263
1.9389577465373353,3.9486573771305116,0.0,0.76,0.56,0.47,0.48,0.7274613391789286,0.36
1.9351781018072434,4.088217576257369,0.76,0.0,0.58,0.46,0.49,0.7736493607140986,0.39
1.5118578920369088,4.88716770703864,0.56,0.58,0.0,0.58,0.63,0.9699484522385715,0.5
1.1641305768684198,4.020358029892935,0.47,0.46,0.58,0.0,0.48,0.7505553499465135,0.41
1.266180984580911,4.60420620238694,0.48,0.49,0.63,0.48,0.0,0.8891194145520238,0.46
1.9945115167569707,7.757388017397289,0.7274613391789285,0.7736493607140986,0.9699484522385715,0.7505553499465136,0.8891194145520238,1.5333333333333339,1.0334569818494304
0.9675890509036216,4.021638398692263,0.36,0.39,0.5,0.41,0.46,1.0334569818494304,0.0
