1,2,3,4,5,6,7,8,9
0.6005432322317791,0.6165957446808511,0.5775822050290136,0.5648936170212767,0.617872340425532,0.5010638297872341,0.6159574468085107,0.4863829787234042,0.48468085106382985
0.6165957446808511,1.0,0.6186363636363638,0.64,0.67,0.56,0.6799999999999999,0.5,0.5
0.5775822050290135,0.6186363636363638,0.6417355371900827,0.559090909090909,0.6440909090909092,0.5018181818181817,0.6693181818181817,0.5145454545454545,0.5204545454545454
0.5648936170212767,0.64,0.559090909090909,1.0,0.62,0.56,0.63,0.43,0.44
0.617872340425532,0.67,0.6440909090909092,0.62,1.0,0.56,0.755,0.47,0.48
0.5010638297872341,0.56,0.5018181818181817,0.56,0.56,1.0,0.54,0.41,0.42
0.6159574468085107,0.6799999999999999,0.6693181818181817,0.63,0.755,0.54,0.915,0.51,0.52
0.48638297872340414,0.5,0.5145454545454545,0.43,0.47,0.41,0.51,1.0,0.87
0.4846808510638298,0.5,0.5204545454545455,0.44,0.48,0.42,0.52,0.87,1.0
