1,2,3,4,5,6,7,8,9
39.22238805970148,4.382217969060668,4.2820390246885,3.838563941675111,4.974739774188748,4.8818909964779555,4.961301135309553,4.135435691460933,8.253249051161461
4.382217969060668,0.0,0.78,0.68,0.6,0.49,0.54,0.44,0.7794228634059949
4.2820390246885,0.78,0.0,0.68,0.58,0.47,0.52,0.47,0.7563288526384098
3.838563941675111,0.68,0.68,0.0,0.5,0.43,0.48,0.4,0.692820323027551
4.974739774188748,0.6,0.58,0.5,0.0,0.6,0.67,0.56,0.9699484522385714
4.8818909964779555,0.49,0.47,0.43,0.6,0.0,0.62,0.52,0.958401446854779
4.961301135309556,0.54,0.52,0.48,0.67,0.62,0.0,0.57,0.9699484522385715
4.135435691460932,0.44,0.47,0.4,0.56,0.52,0.57,0.0,0.7909698687897874
8.25324905116146,0.7794228634059949,0.7563288526384098,0.692820323027551,0.9699484522385714,0.958401446854779,0.9699484522385715,0.7909698687897874,1.506666666666667
