1,2,3,4,5,6,7,8,9
38.20707692307695,4.330052584509269,3.9356221285155857,3.759492805398909,4.471452181940964,10.042847052657772,4.956427994184771,4.97379285702726,4.816268744098962
4.330052584509269,0.0,0.73,0.7,0.51,1.0330634056049028,0.52,0.6,0.47
3.9356221285155857,0.73,0.0,0.61,0.45,0.9615092303249095,0.48,0.53,0.43
3.759492805398909,0.7,0.61,0.0,0.41,0.903371462909915,0.43,0.51,0.41
4.471452181940964,0.51,0.45,0.41,0.0,1.3640014662748716,0.67,0.62,0.51
10.042847052657775,1.0330634056049028,0.9615092303249095,0.903371462909915,1.3640014662748716,3.1719999999999997,1.5428869044748548,1.2835030190848793,1.2074767078498865
4.95642799418477,0.52,0.48,0.43,0.67,1.5428869044748548,0.0,0.64,0.59
4.97379285702726,0.6,0.53,0.51,0.62,1.2835030190848793,0.64,0.0,0.58
4.816268744098965,0.47,0.43,0.41,0.51,1.2074767078498865,0.59,0.58,0.0
