1,2,3,4,5,6,7,8,9
38.72090909090907,4.2786602264416,3.7715232836067507,7.90619323152055,7.0466635130866475,4.622085486273942,4.5433069320471695,4.782104424547076,4.116179458348885
4.2786602264416,0.0,0.65,0.8948929172439201,0.7990306627407986,0.5,0.48,0.44,0.35
3.7715232836067507,0.65,0.0,0.825610884941165,0.7495331880577404,0.47,0.41,0.4,0.34
7.906193231520554,0.8948929172439201,0.825610884941165,1.593333333333334,1.5758384011905113,1.027683479157534,0.8660254037844388,0.8833459118601276,0.7736493607140986
7.0466635130866475,0.7990306627407986,0.7495331880577404,1.5758384011905113,0.8399999999999997,1.145512985522207,0.7707463914933367,0.7990306627407986,0.6929646455628166
4.622085486273942,0.5,0.47,1.027683479157534,1.145512985522207,0.0,0.51,0.52,0.44
4.5433069320471695,0.48,0.41,0.8660254037844388,0.7707463914933367,0.51,0.0,0.57,0.45
4.782104424547076,0.44,0.4,0.8833459118601276,0.7990306627407986,0.52,0.57,0.0,0.64
4.116179458348887,0.35,0.34,0.7736493607140986,0.6929646455628166,0.44,0.45,0.64,0.0
