1,2,3,4,5,6,7,8,9
0.5976366843033509,0.532063492063492,0.5511904761904761,0.5196825396825396,0.6215873015873017,0.5631746031746033,0.5725396825396826,0.5441269841269839,0.6034126984126984
0.532063492063492,1.0,0.72,0.78,0.54,0.54,0.49500000000000005,0.48,0.46499999999999997
0.5511904761904759,0.72,0.9,0.7,0.5775,0.56,0.52875,0.525,0.5025
0.5196825396825396,0.78,0.7,1.0,0.5349999999999999,0.54,0.48250000000000004,0.48,0.45999999999999996
0.6215873015873016,0.54,0.5775,0.5349999999999999,0.875,0.6000000000000001,0.645,0.64,0.6275
0.5631746031746033,0.54,0.56,0.54,0.6000000000000001,1.0,0.575,0.53,0.5449999999999999
0.5725396825396826,0.495,0.52875,0.48250000000000004,0.645,0.575,0.81625,0.6599999999999999,0.61625
0.5441269841269842,0.48,0.525,0.48,0.64,0.53,0.6599999999999999,1.0,0.59
0.6034126984126983,0.46499999999999997,0.5025,0.45999999999999996,0.6275000000000001,0.5449999999999999,0.61625,0.59,0.875
