1,2,3,4,5,6,7,8,9
0.765,0.5026875,0.57875,0.5420833333333333,0.54,0.39125000000000004,0.41000000000000003,0.36250000000000004,0.545
0.5026875000000001,0.6188833333333331,0.6091666666666666,0.5934444444444443,0.5929999999999999,0.5105000000000003,0.5433333333333331,0.5011666666666668,0.6353333333333332
0.57875,0.6091666666666666,1.0,0.65,0.65,0.49,0.52,0.45,0.67
0.5420833333333334,0.5934444444444446,0.65,0.8822222222222221,0.8066666666666666,0.49666666666666665,0.48333333333333334,0.43,0.6366666666666666
0.54,0.5929999999999999,0.65,0.8066666666666666,1.0,0.49,0.5,0.43,0.66
0.39125000000000004,0.5105000000000003,0.49,0.49666666666666665,0.49,1.0,0.43,0.47,0.53
0.41000000000000003,0.5433333333333333,0.52,0.48333333333333334,0.5,0.43,1.0,0.55,0.5
0.36250000000000004,0.5011666666666666,0.45,0.43,0.43,0.47,0.55,1.0,0.47
0.5449999999999999,0.6353333333333333,0.67,0.6366666666666666,0.66,0.53,0.5,0.47,1.0
