1,2,3,4,5,6,7,8,9
38.85910447761193,4.423755580141812,4.588684330022824,4.9710746908580585,6.953276957504368,6.307967243595092,5.024829246374836,4.321133246882514,4.909989968679907
4.423755580141812,0.0,0.51,0.59,0.7566042558696059,0.6717514421272202,0.55,0.45,0.54
4.588684330022824,0.51,0.0,0.57,0.8061017305526641,0.6363961030678927,0.53,0.44,0.62
4.9710746908580585,0.59,0.57,0.0,0.8414570696119914,0.7778174593052022,0.63,0.52,0.62
6.953276957504366,0.7566042558696059,0.8061017305526641,0.8414570696119914,0.8199999999999998,1.38,1.0394469683442247,0.7424621202458749,0.8414570696119915
6.307967243595092,0.6717514421272202,0.6363961030678927,0.7778174593052022,1.38,0.8099999999999999,1.0535891039679557,0.67175144212722,0.7071067811865475
5.024829246374835,0.55,0.53,0.63,1.0394469683442247,1.0535891039679557,0.0,0.54,0.6
4.321133246882516,0.45,0.44,0.52,0.7424621202458749,0.67175144212722,0.54,0.0,0.51
4.909989968679907,0.54,0.62,0.62,0.8414570696119914,0.7071067811865475,0.6,0.51,0.0
