1,2,3,4,5,6,7,8,9
0.765,0.505592105263158,0.5625,0.5577500000000001,0.425,0.41000000000000003,0.36250000000000004,0.5287499999999999,0.359375
0.5055921052631579,0.6231578947368421,0.6036842105263158,0.6081754385964914,0.58,0.5392982456140352,0.4938596491228069,0.6138596491228071,0.5103508771929823
0.5625,0.6036842105263158,1.0,0.658,0.53,0.49,0.46,0.6,0.485
0.5577500000000001,0.6081754385964911,0.658,0.8600000000000002,0.516,0.49800000000000005,0.43800000000000006,0.5860000000000001,0.483
0.425,0.58,0.53,0.516,1.0,0.65,0.87,0.55,0.62
0.41000000000000003,0.5392982456140352,0.49,0.49800000000000005,0.65,1.0,0.55,0.51,0.56
0.36250000000000004,0.493859649122807,0.46,0.43800000000000006,0.87,0.55,1.0,0.47,0.52
0.52875,0.613859649122807,0.6,0.5860000000000001,0.55,0.51,0.47,1.0,0.495
0.359375,0.5103508771929824,0.485,0.483,0.62,0.56,0.52,0.495,0.935
