1,2,3,4,5,6,7,8,9
26.386976744186057,3.4296928467802794,3.3366687188773896,3.2741443050410215,4.189135727036651,6.902735105592892,16.297845341967683,2.3728777543753288,9.653189857171807
3.4296928467802794,0.0,0.61,0.61,0.52,0.7621023553303061,1.9115453318076339,0.27,1.1242997820866105
3.3366687188773896,0.61,0.0,0.59,0.51,0.7274613391789285,1.8219784728573378,0.27,1.039446968344225
3.2741443050410215,0.61,0.59,0.0,0.52,0.7216878364870323,1.8314065632731584,0.23,1.0465180361560904
4.189135727036651,0.52,0.51,0.52,0.0,0.9930424630061564,2.6610785198653746,0.35,1.5273506473629426
6.902735105592892,0.7621023553303061,0.7274613391789285,0.7216878364870323,0.9930424630061564,1.653333333333334,4.11514276787574,0.6004442799572108,2.4494897427831783
16.297845341967687,1.9115453318076336,1.8219784728573376,1.8314065632731584,2.661078519865374,4.11514276787574,11.388888888888891,1.7795520659861448,7.3341666666666665
2.3728777543753283,0.27,0.27,0.23,0.35,0.6004442799572108,1.7795520659861448,0.0,1.5414927829866736
9.653189857171805,1.1242997820866105,1.039446968344225,1.0465180361560904,1.5273506473629426,2.4494897427831783,7.3341666666666665,1.5414927829866736,4.747499999999999
