1,2,3,4,5,6,7,8,9
0.6037629757785467,0.49544117647058816,0.6211764705882353,0.6173529411764707,0.5779411764705882,0.5067647058823531,0.44,0.5830882352941177,0.6063235294117648
0.49544117647058816,1.0,0.52,0.53,0.47,0.41,0.30500000000000005,0.41,0.47
0.6211764705882353,0.52,1.0,0.7,0.62,0.58,0.405,0.59,0.64
0.6173529411764707,0.53,0.7,1.0,0.65,0.57,0.405,0.58,0.63
0.5779411764705882,0.47,0.62,0.65,1.0,0.52,0.365,0.53,0.57
0.5067647058823531,0.41,0.58,0.57,0.52,1.0,0.345,0.45,0.5
0.4400000000000001,0.30500000000000005,0.405,0.405,0.365,0.345,0.9,0.55,0.53
0.5830882352941177,0.41,0.59,0.58,0.53,0.45,0.55,1.0,0.71
0.6063235294117646,0.47,0.64,0.63,0.57,0.5,0.53,0.71,1.0
