1,2,3,4,5,6,7,8,9
0.6215,0.5524999999999999,0.5399999999999999,0.48283333333333334,0.6134999999999998,0.5663333333333334,0.5814999999999999,0.6186666666666665,0.5221851851851851
0.5524999999999999,1.0,0.76,0.68,0.58,0.45999999999999996,0.55,0.54,0.41000000000000003
0.5399999999999999,0.76,1.0,0.68,0.58,0.435,0.54,0.54,0.3877777777777777
0.48283333333333334,0.68,0.68,1.0,0.5,0.41500000000000004,0.46,0.49,0.35333333333333333
0.6134999999999998,0.58,0.58,0.5,1.0,0.525,0.63,0.65,0.49444444444444446
0.5663333333333334,0.45999999999999996,0.435,0.41500000000000004,0.525,0.855,0.495,0.56,0.46444444444444444
0.5814999999999999,0.55,0.54,0.46,0.63,0.495,1.0,0.6,0.45999999999999996
0.6186666666666666,0.54,0.54,0.49,0.65,0.56,0.6,1.0,0.53
0.522185185185185,0.41000000000000003,0.3877777777777777,0.35333333333333333,0.49444444444444446,0.46444444444444444,0.45999999999999996,0.53,0.6844444444444444
