1,2,3,4,5,6,7,8,9
37.6915625,4.356250000000001,3.7987499999999987,4.9750000000000005,6.86247131141544,4.8675000000000015,4.601249999999999,4.94356028397045,9.343125000000002
4.356250000000001,0.0,0.68,0.59,0.7848885271170677,0.53,0.55,0.4596194077712559,0.955
3.7987499999999987,0.68,0.0,0.52,0.7071067811865475,0.48,0.47,0.4384062043356594,0.815
4.9750000000000005,0.59,0.52,0.0,0.9404520189781082,0.66,0.65,0.6363961030678927,1.185
6.862471311415443,0.7848885271170677,0.7071067811865475,0.9404520189781082,0.8099999999999999,0.9121677477306462,0.9121677477306462,0.8049999999999998,1.6122034611053282
4.8675000000000015,0.53,0.48,0.66,0.9121677477306462,0.0,0.64,0.5939696961966998,1.1549999999999998
4.601250000000001,0.55,0.47,0.65,0.9121677477306462,0.64,0.0,0.551543289325507,1.06
4.9435602839704496,0.4596194077712559,0.4384062043356594,0.6363961030678927,0.8049999999999998,0.5939696961966998,0.551543289325507,0.7999999999999999,1.5273506473629423
9.343125,0.955,0.815,1.185,1.6122034611053282,1.1549999999999998,1.06,1.5273506473629426,2.275
