1,2,3,4,5,6,7,8,9
0.6305968778696052,0.5715151515151513,0.5296969696969694,0.6084848484848484,0.6227272727272729,0.6092424242424243,0.55674688057041,0.5766666666666667,0.5251515151515153
0.5715151515151513,1.0,0.71,0.58,0.56,0.5175000000000001,0.4726470588235294,0.54,0.47
0.5296969696969694,0.71,1.0,0.51,0.52,0.475,0.4444117647058823,0.47,0.41
0.6084848484848484,0.58,0.51,1.0,0.68,0.6200000000000001,0.5805882352941176,0.63,0.55
0.6227272727272729,0.56,0.52,0.68,1.0,0.64,0.6061764705882351,0.64,0.58
0.6092424242424243,0.5175000000000001,0.475,0.6200000000000001,0.64,0.76625,0.6083823529411766,0.5824999999999999,0.5025
0.5567468805704101,0.47264705882352936,0.44441176470588234,0.5805882352941177,0.6061764705882353,0.6083823529411765,0.6388235294117647,0.5470588235294117,0.47852941176470587
0.5766666666666667,0.54,0.47,0.63,0.64,0.5824999999999999,0.5470588235294117,1.0,0.56
0.5251515151515151,0.47,0.41,0.55,0.58,0.5025,0.47852941176470587,0.56,1.0
