1,2,3,4,5,6,7,8,9
28.591914893617034,3.432203249945459,4.386160294341691,4.241753952758773,4.227167453608985,4.222791503864048,17.49509477813533,5.221054348562013,3.8347906264796485
3.432203249945459,0.0,0.52,0.49,0.42,0.53,1.8591102466209222,0.5586143571373725,0.4
4.386160294341691,0.52,0.0,0.66,0.61,0.65,2.6863290260806907,0.7778174593052022,0.61
4.241753952758773,0.49,0.66,0.0,0.55,0.63,2.592520710884222,0.7778174593052022,0.58
4.227167453608985,0.42,0.61,0.55,0.0,0.56,2.5008444028513095,0.7636753236814713,0.52
4.222791503864048,0.53,0.65,0.63,0.56,0.0,2.4752603168886367,0.7778174593052022,0.53
17.495094778135332,1.8591102466209228,2.686329026080691,2.5925207108842225,2.50084440285131,2.4752603168886367,13.478181818181815,3.8050731685713757,3.166030637880814
5.221054348562013,0.5586143571373725,0.7778174593052022,0.7778174593052022,0.7636753236814713,0.7778174593052022,3.8050731685713766,0.8099999999999999,0.8061017305526641
3.8347906264796476,0.4,0.61,0.58,0.52,0.53,3.166030637880814,0.8061017305526641,0.0
