1,2,3,4,5,6,7,8,9
0.7525925925925927,0.6799999999999999,0.5122633744855967,0.59,0.4613333333333333,0.5007407407407407,0.5722222222222223,0.5388888888888889,0.4861111111111111
0.6799999999999999,1.0,0.46685185185185185,0.53,0.41600000000000004,0.4533333333333333,0.53,0.45,0.41500000000000004
0.5122633744855967,0.46685185185185185,0.6243964334705074,0.6118518518518516,0.5546296296296297,0.595,0.622222222222222,0.5816666666666666,0.5934259259259258
0.59,0.53,0.6118518518518516,1.0,0.556,0.6,0.67,0.63,0.575
0.4613333333333333,0.41600000000000004,0.5546296296296296,0.556,0.8240000000000002,0.7953333333333333,0.562,0.52,0.526
0.5007407407407407,0.4533333333333333,0.5949999999999998,0.6,0.7953333333333333,0.891111111111111,0.6133333333333333,0.5499999999999999,0.5516666666666666
0.5722222222222222,0.53,0.6222222222222222,0.67,0.562,0.6133333333333333,1.0,0.65,0.6
0.5388888888888889,0.45,0.5816666666666667,0.63,0.52,0.5499999999999999,0.65,1.0,0.535
0.4861111111111111,0.41500000000000004,0.593425925925926,0.575,0.526,0.5516666666666666,0.6,0.535,0.925
