1,2,3,4,5,6,7,8,9,10,11,12,13,14,15,16,17,18,19
4.646666666666668,0.0,0.0,0.0,0.0,0.0,0.0,0.0,0.0,0.0,0.13880441875771343,0.0,0.0,0.0,0.0,0.16333333333333339,0.0,0.0,0.0
0.0,7.126000000000001,0.0,0.0,0.0,0.0,0.0021081851067789193,0.0,0.004472135954999579,0.0,0.0,0.0,0.0,0.0,0.0,0.0025819888974716117,0.0,0.0,0.0
0.0,0.0,4.385714285714285,0.0,0.0,0.0,0.001259881576697424,0.0,0.0,0.0,0.00944911182523068,0.0,0.9165638470473759,0.0,0.0,0.0,0.0,0.0,0.0
0.0,0.0,0.0,1.9733333333333338,0.0,0.0,0.0,0.0,0.0,0.0,0.0,0.0,0.0,0.0,0.0,0.0,0.0,0.0,4.14364573775317
0.0,0.0,0.0,0.0,7.999999999999997,0.0,0.0,0.0,0.0,0.0,0.0,0.0,0.0,0.0,0.0,0.0,0.0,0.0,0.0
0.0,0.0,0.0,0.0,0.0,5.4399999999999995,0.0,0.0,0.0,0.0,0.0056694670951384085,0.0,0.0,0.0,0.0,0.0,0.0,0.9448824567864815,0.0
0.0,0.0021081851067789193,0.001259881576697424,0.0,0.0,0.0,6.40222222222222,0.0,0.0,0.0,0.008333333333333333,0.2921795490599725,0.07333333333333332,0.0,0.003333333333333333,0.37831008249651304,0.0,0.0,0.0
0.0,0.0,0.0,0.0,0.0,0.0,0.0,4.813333333333335,0.0,0.0,0.0,0.0,0.0,0.0,0.0,0.003333333333333334,0.002357022603955159,0.0,0.0
0.0,0.004472135954999579,0.0,0.0,0.0,0.0,0.0,0.0,6.749999999999999,0.0,0.0,0.0,0.0,0.0,0.0,0.0,0.0,0.0,0.0
0.0,0.0,0.0,0.0,0.0,0.0,0.0,0.0,0.0,5.154285714285714,0.007559289460184544,0.011832159566199232,0.0,0.0,0.1360672102833218,0.0,0.004364357804719848,0.0,0.0
0.13880441875771343,0.0,0.00944911182523068,0.0,0.0,0.005669467095138408,0.008333333333333333,0.0,0.0,0.007559289460184544,1.6749999999999998,0.0,0.0,0.0,0.575,0.0,0.35218366420567176,0.01565247584249853,0.0
0.0,0.0,0.0,0.0,0.0,0.0,0.2921795490599725,0.0,0.0,0.011832159566199232,0.0,2.936,0.0,0.06572670690061994,1.0420076775149019,0.0,0.028401877872187727,0.0,0.0
0.0,0.0,0.9165638470473759,0.0,0.0,0.0,0.07333333333333333,0.0,0.0,0.0,0.0,0.0,2.91,0.0,0.0,0.0,0.0,0.0,0.0
0.0,0.0,0.0,0.0,0.0,0.0,0.0,0.0,0.0,0.0,0.0,0.06572670690061994,0.0,4.503333333333335,0.006123724356957946,0.0,1.5485638507985398,0.0,0.0
0.0,0.0,0.0,0.0,0.0,0.0,0.003333333333333333,0.0,0.0,0.1360672102833218,0.575,1.042007677514902,0.0,0.006123724356957946,1.535,0.0,0.09526279441628827,0.0,0.0
0.16333333333333339,0.0025819888974716117,0.0,0.0,0.0,0.0,0.3783100824965131,0.003333333333333334,0.0,0.0,0.0,0.0,0.0,0.0,0.0,4.386666666666668,0.016499158227686113,0.0,0.0
0.0,0.0,0.0,0.0,0.0,0.0,0.0,0.002357022603955159,0.0,0.004364357804719848,0.35218366420567176,0.028401877872187727,0.0,1.5485638507985395,0.09526279441628828,0.016499158227686113,1.406666666666667,0.0025819888974716117,0.0
0.0,0.0,0.0,0.0,0.0,0.9448824567864814,0.0,0.0,0.0,0.0,0.01565247584249853,0.0,0.0,0.0,0.0,0.0,0.0025819888974716117,3.152,0.0
0.0,0.0,0.0,4.143645737753169,0.0,0.0,0.0,0.0,0.0,0.0,0.0,0.0,0.0,0.0,0.0,0.0,0.0,0.0,5.000000000000002
