1,2,3,4,5,6,7,8,9,10,11,12
8.788,0.006324555320336758,0.0,0.0,0.0,0.0,0.10509519494249013,0.0,0.02711088342345192,0.0,0.0,0.7029106154649633
0.006324555320336758,6.508888888888888,0.0,0.0,0.0,0.0,0.6576093065034891,0.34673804626442833,0.012247448713915891,0.001178511301977579,0.012222222222222221,0.02694301256218254
0.0,0.0,8.65,0.0,0.0,0.0,0.0,0.0,0.0,0.0,0.0,0.0
0.0,0.0,0.0,4.742499999999999,0.0,0.009999999999999998,0.0024999999999999996,0.001066003581778052,0.02742413778650723,0.39749999999999996,3.2538697047600955,0.7838367176906169
0.0,0.0,0.0,0.0,8.094,0.0011180339887498947,0.0,0.0,0.0077459666924148355,0.0,0.0,0.031037611591959415
0.0,0.0,0.0,0.009999999999999998,0.0011180339887498947,5.757499999999999,0.008749999999999999,0.001066003581778052,1.5992602456552636,0.19624999999999998,0.034176827757349794,0.07960841664045329
0.10509519494249013,0.6576093065034891,0.0,0.0024999999999999996,0.0,0.008749999999999999,6.094999999999999,0.001066003581778052,0.11980018085684735,0.0012499999999999998,0.0341768277573498,0.10206207261596575
0.0,0.3467380462644281,0.0,0.0010660035817780522,0.0,0.0010660035817780522,0.0010660035817780522,9.181818181818183,0.24249023722928556,0.0,0.001005037815259212,0.010444659357341872
0.02711088342345192,0.012247448713915893,0.0,0.027424137786507232,0.0077459666924148355,1.5992602456552634,0.11980018085684736,0.24249023722928556,3.2000000000000006,0.43012595054627123,0.006804138174397717,0.2545584412271572
0.0,0.001178511301977579,0.0,0.39749999999999996,0.0,0.19624999999999998,0.0012499999999999998,0.0,0.43012595054627123,4.265,0.33351869845965487,0.20820662813657018
0.0,0.012222222222222221,0.0,3.253869704760095,0.0,0.03417682775734979,0.034176827757349794,0.001005037815259212,0.006804138174397717,0.33351869845965487,6.524444444444443,0.17705408255148525
0.7029106154649631,0.02694301256218254,0.0,0.783836717690617,0.03103761159195942,0.0796084166404533,0.10206207261596578,0.01044465935734187,0.2545584412271572,0.20820662813657015,0.17705408255148525,0.9666666666666668
