1,2,3,4,5,6,7,8,9,10,11,12
0.5125169099323602,0.4145283018867923,0.5267924528301886,0.430754716981132,0.4286792452830188,0.42584905660377365,0.43333333333333324,0.4218867924528301,0.4211792452830188,0.46886792452830184,0.35566037735849054,0.4194339622641508
0.4145283018867923,1.0,0.63,0.59,0.6,0.56,0.37333333333333335,0.34,0.2825,0.39,0.23,0.28
0.5267924528301886,0.63,0.9,0.65,0.655,0.625,0.48499999999999993,0.47,0.35500000000000004,0.5075000000000001,0.32,0.35
0.430754716981132,0.59,0.65,1.0,0.57,0.6,0.3833333333333333,0.38,0.31999999999999995,0.405,0.24,0.34
0.4286792452830188,0.6,0.655,0.57,1.0,0.63,0.43333333333333335,0.36,0.32,0.41,0.26,0.31
0.42584905660377365,0.56,0.625,0.6,0.63,1.0,0.40111111111111103,0.39,0.30000000000000004,0.405,0.24,0.29
0.4333333333333332,0.37333333333333335,0.485,0.3833333333333333,0.43333333333333335,0.40111111111111103,0.7135802469135802,0.3822222222222222,0.3111111111111111,0.44666666666666666,0.2777777777777778,0.34
0.4218867924528301,0.34,0.47,0.38,0.36,0.39,0.3822222222222222,1.0,0.31500000000000006,0.41500000000000004,0.29,0.27
0.42117924528301887,0.2825,0.355,0.32,0.32,0.30000000000000004,0.3111111111111111,0.31500000000000006,0.7599999999999999,0.36375,0.4125,0.6575
0.4688679245283018,0.39,0.5075000000000001,0.405,0.41,0.405,0.4466666666666666,0.41500000000000004,0.36375,0.79,0.32,0.365
0.35566037735849054,0.23,0.32,0.24,0.26,0.24,0.2777777777777778,0.29,0.41250000000000003,0.32,1.0,0.39
0.4194339622641508,0.28,0.35,0.34,0.31,0.29,0.34,0.27,0.6575,0.365,0.39,1.0
