1,2,3,4,5,6,7,8,9,10,11,12
24.640000000000004,3.782909931146895,3.1263264354721625,3.0123171673947504,3.2211052245967573,4.529105976171922,8.624675729935642,7.8795634636290925,3.299400746047511,5.574359596012837,4.556301980317925,3.075503026811148
3.782909931146895,0.0,0.66,0.48,0.56,0.6646803743153546,1.314559495293639,1.2924472909948783,0.5,0.6870468203356548,0.5868986283848343,0.34
3.1263264354721625,0.66,0.0,0.4,0.45,0.4808326112068523,1.049198106492128,1.0330634056049028,0.44,0.5427092530382482,0.49497474683058323,0.27
3.0123171673947504,0.48,0.4,0.0,0.48,0.5374011537017761,1.0818579697292372,1.1627553482998907,0.39,0.5773502691896258,0.5161879502661796,0.32
3.2211052245967573,0.56,0.45,0.48,0.0,0.565685424949238,1.1880025252498416,1.1940602999848877,0.43,0.6524058041842772,0.5161879502661797,0.32
4.529105976171922,0.6646803743153546,0.4808326112068523,0.5374011537017761,0.565685424949238,0.7499999999999999,1.5790529862336267,1.4008890034545918,0.565685424949238,0.8246615467370034,0.725,0.4666904755831213
8.62467572993564,1.314559495293639,1.049198106492128,1.0818579697292372,1.1880025252498416,1.5790529862336264,2.9766666666666675,2.7860820758429456,1.261487217533337,1.8620478571245758,1.5068842025849232,0.9512185167808009
7.879563463629091,1.2924472909948783,1.0330634056049028,1.1627553482998907,1.1940602999848877,1.4008890034545918,2.786082075842945,2.912,1.0017584539199056,1.5078815161234211,1.3471302832317293,0.8049844718999243
3.299400746047511,0.5,0.44,0.39,0.43,0.565685424949238,1.261487217533337,1.0017584539199056,0.0,0.715914333795136,0.5374011537017761,0.37
5.574359596012834,0.6870468203356548,0.5427092530382484,0.5773502691896258,0.6524058041842772,0.8246615467370033,1.8620478571245755,1.5078815161234211,0.715914333795136,1.2533333333333336,1.0002083116364644,0.9295339333952977
4.556301980317927,0.5868986283848343,0.49497474683058323,0.5161879502661796,0.5161879502661797,0.7249999999999999,1.5068842025849234,1.3471302832317293,0.5374011537017761,1.0002083116364644,0.5899999999999999,0.6081118318204308
3.075503026811148,0.34,0.27,0.32,0.32,0.4666904755831213,0.9512185167808009,0.8049844718999243,0.37,0.9295339333952977,0.6081118318204308,0.0
