1,2,3,4,5,6,7,8,9,10,11,12
18.550526315789476,2.8323860129431133,2.7009866618271974,3.090318072541027,2.7431642313211944,7.284927963857743,7.016806291064034,2.640964736008814,11.626845122388103,3.2379395657700205,2.6296092365296606,2.2873220379437513
2.8323860129431133,0.0,0.4,0.49,0.31,1.0083732774457417,1.0285912696499033,0.35,1.634565691552346,0.48,0.33,0.28
2.7009866618271974,0.4,0.0,0.52,0.34,1.0328681748735735,1.1538110763898914,0.36,1.6211492836873476,0.46,0.34,0.31
3.090318072541027,0.49,0.52,0.0,0.36,1.1104353500617077,1.2164209797598857,0.39,1.9051299168298208,0.53,0.42,0.38
2.7431642313211944,0.31,0.34,0.36,0.0,0.9920433458271872,0.8988993269549154,0.47,1.48922127301486,0.44,0.32,0.31
7.284927963857742,1.0083732774457417,1.0328681748735735,1.1104353500617077,0.9920433458271872,2.7966666666666673,2.60350789000789,1.004290794541103,5.086516817364643,1.4166215679096048,1.196167491059119,0.9797958971132713
7.016806291064033,1.0285912696499033,1.1538110763898914,1.2164209797598857,0.8988993269549154,2.60350789000789,2.904,0.9480928224599108,4.194,1.1448668044798924,0.9525649584149103,0.8005123359449247
2.640964736008814,0.35,0.36,0.39,0.47,1.004290794541103,0.9480928224599108,0.0,1.5406508364973552,0.44,0.38,0.32
11.626845122388099,1.634565691552346,1.6211492836873478,1.9051299168298208,1.48922127301486,5.086516817364643,4.194,1.540650836497355,10.794,2.4775633190697675,1.8089789937973297,2.3433992404197794
3.2379395657700205,0.48,0.46,0.53,0.44,1.4166215679096048,1.1448668044798924,0.44,2.477563319069767,0.0,0.4,0.43
2.6296092365296606,0.33,0.34,0.42,0.32,1.196167491059119,0.9525649584149103,0.38,1.80897899379733,0.4,0.0,0.43
2.2873220379437513,0.28,0.31,0.38,0.31,0.9797958971132713,0.8005123359449247,0.32,2.34339924041978,0.43,0.43,0.0
