1,2,3,4,5,6,7,8,9,10,11,12
19.6725,4.892516734769539,2.8507933106417935,2.8302385058506996,3.225523213371747,2.977284417048528,3.9455419462983783,13.246571289865923,4.3312636724170925,3.1369794388870327,2.6594755122016065,2.7907100350985945
4.892516734769539,0.7999999999999999,0.9192388155425117,0.9050966799187807,0.8414570696119914,0.8061017305526641,0.9049999999999998,3.0931540671834195,1.0049999999999997,0.834386001800126,0.6646803743153546,0.565685424949238
2.8507933106417935,0.9192388155425117,0.0,0.58,0.47,0.44,0.5020458146424487,1.8289523412781064,0.5444722215136415,0.45,0.38,0.3
2.8302385058506996,0.9050966799187807,0.58,0.0,0.48,0.45,0.5232590180780452,1.7942512365886785,0.5798275605729688,0.47,0.34,0.33
3.225523213371747,0.8414570696119914,0.47,0.48,0.0,0.52,0.5939696961966998,2.1004374544365754,0.7707463914933368,0.6,0.48,0.42
2.977284417048528,0.8061017305526641,0.44,0.45,0.52,0.0,0.6010407640085653,1.9432618626079885,0.6222539674441618,0.55,0.41,0.34
3.945541946298379,0.9049999999999998,0.5020458146424487,0.5232590180780452,0.5939696961966998,0.6010407640085653,0.6199999999999999,2.875204340564337,0.8399999999999999,0.565685424949238,0.5303300858899106,0.6222539674441618
13.246571289865921,3.09315406718342,1.8289523412781064,1.7942512365886785,2.1004374544365754,1.9432618626079885,2.875204340564336,12.810000000000004,2.8160259379724,2.0861487642703405,1.8514059972536188,1.9718392429404588
4.3312636724170925,1.005,0.5444722215136415,0.5798275605729689,0.7707463914933367,0.6222539674441618,0.8399999999999999,2.8160259379723995,0.6999999999999998,0.6929646455628165,0.6151828996322963,0.6151828996322963
3.1369794388870327,0.834386001800126,0.45,0.47,0.6,0.55,0.565685424949238,2.0861487642703405,0.6929646455628165,0.0,0.46,0.39
2.6594755122016065,0.6646803743153546,0.38,0.34,0.48,0.41,0.5303300858899106,1.8514059972536188,0.6151828996322963,0.46,0.0,0.34
2.7907100350985945,0.565685424949238,0.3,0.33,0.42,0.34,0.6222539674441618,1.9718392429404588,0.6151828996322963,0.39,0.34,0.0
