1,2,3,4,5,6,7,8,9,10,11,12
4.5625,1.7324116139070413,8.619704962257329,1.5132085117392116,1.4601755031502208,1.4495689014324222,0.96873629022557,1.5839191898578664,3.989850012845094,1.0288403666264265,1.251579002700189,1.2162236636408617
1.7324116139070413,0.0,2.7075718743083166,0.49,0.46,0.45,0.32,0.5,1.2300000000000002,0.31,0.4,0.39
8.619704962257323,2.7075718743083166,21.875454545454538,3.2517998512711785,3.392002626499839,3.7372331160413794,2.8975240213923077,3.7432633429329347,10.908680446823487,2.6713905129589843,3.066370374355855,3.4146159773431717
1.5132085117392116,0.49,3.2517998512711785,0.0,0.58,0.53,0.39,0.59,1.5875,0.36,0.46,0.5
1.4601755031502208,0.46,3.392002626499839,0.58,0.0,0.54,0.42,0.61,1.5574999999999999,0.35,0.48,0.48
1.4495689014324222,0.45,3.7372331160413794,0.53,0.54,0.0,0.55,0.64,2.0,0.43,0.52,0.66
0.96873629022557,0.32,2.8975240213923077,0.39,0.42,0.55,0.0,0.49,1.5050000000000001,0.38,0.34,0.57
1.5839191898578664,0.5,3.7432633429329347,0.59,0.61,0.64,0.49,0.0,1.7400000000000002,0.42,0.5,0.57
3.989850012845094,1.23,10.908680446823489,1.5875,1.5574999999999999,2.0,1.5050000000000001,1.7400000000000002,8.98875,1.3249999999999995,1.7149999999999999,1.8325000000000002
1.0288403666264265,0.31,2.6713905129589843,0.36,0.35,0.43,0.38,0.42,1.325,0.0,0.41,0.42
1.251579002700189,0.4,3.066370374355855,0.46,0.48,0.52,0.34,0.5,1.715,0.41,0.0,0.43
1.2162236636408617,0.39,3.4146159773431717,0.5,0.48,0.66,0.57,0.57,1.8325000000000002,0.42,0.43,0.0
