1,2,3,4,5,6,7,8,9,10,11,12
0.699753086419753,0.6211111111111111,0.440376984126984,0.5244444444444444,0.4811111111111111,0.44666666666666666,0.57,0.3966666666666666,0.2861111111111111,0.4472222222222222,0.37666666666666665,0.26666666666666666
0.6211111111111111,1.0,0.40125,0.48,0.39,0.4,0.5,0.39,0.275,0.405,0.33,0.24
0.4403769841269842,0.40125,0.49844387755102026,0.4987500000000001,0.4464285714285715,0.4958928571428572,0.5394642857142855,0.4119642857142857,0.363482142857143,0.46133928571428573,0.48428571428571415,0.3501785714285714
0.5244444444444444,0.48,0.4987500000000001,1.0,0.56,0.5,0.62,0.44,0.33499999999999996,0.475,0.44,0.31
0.4811111111111111,0.39,0.4464285714285715,0.56,1.0,0.48,0.6,0.41,0.265,0.45,0.42,0.31
0.44666666666666666,0.4,0.4958928571428572,0.5,0.48,1.0,0.54,0.4,0.375,0.51,0.51,0.34
0.57,0.5,0.5394642857142855,0.62,0.6,0.54,1.0,0.49,0.32999999999999996,0.515,0.46,0.35
0.3966666666666666,0.39,0.4119642857142857,0.44,0.41,0.4,0.49,1.0,0.29500000000000004,0.41500000000000004,0.38,0.29
0.2861111111111111,0.275,0.3634821428571428,0.33499999999999996,0.265,0.375,0.32999999999999996,0.29500000000000004,0.905,0.315,0.46499999999999997,0.365
0.4472222222222222,0.405,0.46133928571428573,0.475,0.45,0.51,0.515,0.41500000000000004,0.315,0.79,0.47,0.32
0.37666666666666665,0.33,0.48428571428571415,0.44,0.42,0.51,0.46,0.38,0.46499999999999997,0.47,1.0,0.71
0.26666666666666666,0.24,0.3501785714285714,0.31,0.31,0.34,0.35,0.29,0.365,0.32,0.71,1.0
