1,2,3,4,5,6,7,8,9,10,11,12
23.565490196078418,2.939187896374792,3.041408342508837,3.0988198259539854,2.9825965789796607,5.769922519614362,5.697161832103462,3.3648730419193074,3.784957067127709,11.612605726739622,2.7193439231823953,3.615523176960322
2.939187896374792,0.0,0.59,0.59,0.39,0.6524058041842772,0.7043673284113435,0.47,0.46,1.3076983597145024,0.31,0.42
3.041408342508837,0.59,0.0,0.59,0.41,0.6754998149518623,0.7909698687897874,0.45,0.48,1.3914141487469984,0.34,0.45
3.0988198259539854,0.59,0.59,0.0,0.39,0.6985938257194473,0.7216878364870323,0.46,0.48,1.4231684135524278,0.35,0.48
2.9825965789796607,0.39,0.41,0.39,0.0,0.7216878364870324,0.7967433714816836,0.48,0.49,1.3914141487469982,0.35,0.48
5.76992251961436,0.6524058041842772,0.6754998149518623,0.6985938257194473,0.7216878364870324,1.426666666666667,1.386666666666667,0.8140638795573725,0.9237604307034013,2.463333333333334,0.6293117934166922,0.8544783984006462
5.697161832103463,0.7043673284113435,0.7909698687897874,0.7216878364870323,0.7967433714816836,1.386666666666667,1.4800000000000004,0.9353074360871938,0.9641749495466752,2.748333333333334,0.7101408311032398,0.8775724091682313
3.3648730419193074,0.47,0.45,0.46,0.48,0.8140638795573725,0.9353074360871938,0.0,0.57,1.5761662348876786,0.45,0.54
3.784957067127709,0.46,0.48,0.48,0.49,0.9237604307034013,0.9641749495466752,0.57,0.0,1.7378243102607738,0.4,0.56
11.612605726739625,1.3076983597145024,1.3914141487469984,1.423168413552428,1.3914141487469982,2.463333333333334,2.7483333333333344,1.5761662348876784,1.7378243102607738,6.283333333333335,1.7522580669905143,2.1506297527313563
2.7193439231823953,0.31,0.34,0.35,0.35,0.6293117934166922,0.7101408311032398,0.45,0.4,1.7522580669905143,0.0,0.63
3.615523176960322,0.42,0.45,0.48,0.48,0.8544783984006462,0.8775724091682313,0.54,0.56,2.150629752731356,0.63,0.0
