1,2,3,4,5,6,7,8,9,10,11,12
0.47761316872427984,0.4066666666666666,0.41481481481481486,0.4705555555555556,0.4333333333333332,0.49398148148148147,0.49407407407407405,0.4512962962962963,0.4570370370370372,0.45805555555555555,0.45820987654320977,0.47277777777777774
0.4066666666666666,1.0,0.6,0.46,0.45,0.42000000000000004,0.45,0.36,0.47,0.4375,0.3833333333333333,0.325
0.41481481481481486,0.6,1.0,0.48,0.45,0.44999999999999996,0.47,0.41,0.47,0.4575,0.42666666666666664,0.365
0.4705555555555556,0.46,0.48,1.0,0.52,0.5700000000000001,0.595,0.5449999999999999,0.6,0.5625,0.46499999999999997,0.42500000000000004
0.4333333333333332,0.45,0.45,0.52,1.0,0.55,0.56,0.44,0.55,0.51,0.44499999999999995,0.375
0.4939814814814813,0.42000000000000004,0.44999999999999996,0.5700000000000001,0.55,0.87,0.5974999999999999,0.55,0.53,0.55125,0.5325,0.47250000000000003
0.4940740740740741,0.45,0.47,0.595,0.56,0.5975,0.855,0.5125,0.575,0.72125,0.4816666666666667,0.44
0.45129629629629625,0.36,0.41,0.5449999999999999,0.44,0.55,0.5125,0.85,0.49,0.47875,0.43999999999999995,0.4075
0.4570370370370372,0.47,0.47,0.6,0.55,0.53,0.575,0.49,1.0,0.56,0.4916666666666667,0.395
0.45805555555555555,0.4375,0.45749999999999996,0.5625,0.51,0.55125,0.72125,0.47875,0.56,0.815,0.45666666666666667,0.41000000000000003
0.4582098765432099,0.3833333333333333,0.42666666666666664,0.465,0.44499999999999995,0.5325,0.48166666666666663,0.43999999999999995,0.4916666666666667,0.45666666666666667,0.7149999999999999,0.4783333333333333
0.4727777777777778,0.325,0.365,0.42500000000000004,0.375,0.4725,0.44,0.4075,0.395,0.41000000000000003,0.47833333333333333,0.8400000000000001
