1,2,3,4,5,6,7,8,9,10,11,12
0.7009876543209876,0.6155555555555555,0.4272463768115941,0.5244444444444444,0.5377777777777778,0.47444444444444445,0.4450617283950617,0.5114814814814815,0.5233333333333333,0.3488888888888889,0.26222222222222225,0.27
0.6155555555555555,1.0,0.39021739130434774,0.48,0.49,0.45,0.41,0.47,0.4766666666666667,0.31,0.22,0.21
0.42724637681159416,0.39021739130434774,0.4872778827977315,0.48217391304347823,0.4584782608695653,0.4313043478260869,0.4786956521739131,0.5066666666666666,0.4910144927536232,0.4002173913043478,0.3415217391304347,0.3604347826086957
0.5244444444444444,0.48,0.48217391304347823,1.0,0.57,0.56,0.51,0.57,0.5899999999999999,0.43,0.3,0.31
0.5377777777777778,0.49,0.4584782608695653,0.57,1.0,0.49,0.4777777777777778,0.5433333333333333,0.57,0.39,0.3,0.29
0.47444444444444445,0.45,0.4313043478260869,0.56,0.49,1.0,0.44444444444444436,0.5666666666666665,0.5566666666666666,0.41,0.23,0.31
0.44506172839506164,0.41,0.47869565217391297,0.51,0.4777777777777778,0.44444444444444436,0.6755555555555555,0.5433333333333332,0.5259259259259259,0.5544444444444444,0.3466666666666667,0.3522222222222222
0.5114814814814814,0.47,0.5066666666666666,0.57,0.5433333333333333,0.5666666666666665,0.5433333333333333,0.7844444444444444,0.601111111111111,0.4933333333333333,0.29,0.35666666666666663
0.5233333333333332,0.4766666666666666,0.4910144927536232,0.5899999999999999,0.57,0.5566666666666666,0.5259259259259259,0.601111111111111,0.8222222222222222,0.43666666666666665,0.3133333333333333,0.31
0.3488888888888889,0.31,0.4002173913043478,0.43,0.39,0.41,0.5544444444444444,0.4933333333333333,0.43666666666666665,1.0,0.27,0.3
0.26222222222222225,0.22,0.3415217391304347,0.3,0.3,0.23,0.3466666666666667,0.29,0.3133333333333333,0.27,1.0,0.33
0.27,0.21,0.3604347826086957,0.31,0.29,0.31,0.3522222222222222,0.35666666666666663,0.30999999999999994,0.3,0.33,1.0
