1,2,3,4,5,6,7,8,9,10,11,12
0.49524375743162896,0.43724137931034485,0.4220689655172414,0.4518965517241379,0.4241379310344827,0.5343103448275861,0.4929310344827586,0.4917241379310344,0.36293103448275865,0.3856896551724139,0.35327586206896555,0.5046551724137932
0.43724137931034485,1.0,0.39,0.43,0.42000000000000004,0.485,0.48999999999999994,0.42,0.29000000000000004,0.35,0.26,0.43
0.4220689655172414,0.39,1.0,0.48,0.38400000000000006,0.46499999999999997,0.5233333333333333,0.44,0.265,0.33,0.24,0.43
0.4518965517241379,0.43,0.48,1.0,0.41400000000000003,0.53,0.5166666666666666,0.48,0.265,0.38,0.31,0.43
0.42413793103448283,0.42000000000000004,0.38400000000000006,0.41400000000000003,0.7704,0.4910000000000001,0.4593333333333333,0.42200000000000004,0.24400000000000002,0.396,0.274,0.406
0.5343103448275862,0.485,0.46499999999999997,0.53,0.4910000000000001,0.835,0.6333333333333333,0.5700000000000001,0.4,0.425,0.365,0.605
0.4929310344827583,0.48999999999999994,0.5233333333333333,0.5166666666666666,0.4593333333333333,0.6333333333333333,0.8599999999999999,0.48333333333333334,0.32666666666666666,0.35333333333333333,0.2866666666666666,0.5
0.4917241379310344,0.42,0.44,0.48,0.42200000000000004,0.5700000000000001,0.48333333333333334,1.0,0.375,0.48,0.34,0.6
0.36293103448275865,0.29000000000000004,0.265,0.265,0.24400000000000005,0.4,0.3266666666666666,0.375,0.905,0.26,0.365,0.395
0.3856896551724139,0.35,0.33,0.38,0.396,0.425,0.35333333333333333,0.48,0.26,1.0,0.27,0.42
0.35327586206896555,0.26,0.24,0.31,0.274,0.365,0.2866666666666666,0.34,0.365,0.27,1.0,0.33
0.5046551724137932,0.43,0.43,0.43,0.406,0.605,0.5,0.6,0.395,0.42,0.33,1.0
