1,2,3,4,5,6,7,8,9,10,11,12
0.48605619834710745,0.4923636363636364,0.47481818181818186,0.43651515151515147,0.49727272727272737,0.4810909090909092,0.5010909090909091,0.468181818181818,0.4007272727272727,0.31999999999999995,0.4250909090909091,0.4686181818181817
0.4923636363636364,1.0,0.485,0.4416666666666667,0.5549999999999999,0.6,0.57,0.43,0.48,0.3,0.4,0.43800000000000006
0.47481818181818186,0.485,0.8,0.6374999999999998,0.4975,0.45999999999999996,0.475,0.49,0.4,0.325,0.42000000000000004,0.476
0.4365151515151516,0.4416666666666667,0.6375,0.6833333333333332,0.4666666666666666,0.4166666666666667,0.4266666666666667,0.475,0.37666666666666665,0.31499999999999995,0.38166666666666665,0.45933333333333337
0.49727272727272726,0.5549999999999999,0.4975,0.4666666666666667,0.9099999999999999,0.58,0.56,0.505,0.7,0.30000000000000004,0.455,0.4720000000000001
0.4810909090909092,0.6,0.45999999999999996,0.4166666666666667,0.58,1.0,0.55,0.46,0.46,0.28,0.42,0.42600000000000005
0.5010909090909091,0.57,0.475,0.4266666666666667,0.56,0.55,1.0,0.44,0.41,0.3,0.42,0.43200000000000005
0.468181818181818,0.43,0.49,0.475,0.505,0.46,0.44,1.0,0.38,0.29,0.76,0.542
0.4007272727272727,0.48,0.4,0.37666666666666665,0.7,0.46,0.41,0.38,1.0,0.28,0.36,0.398
0.31999999999999995,0.3,0.325,0.31499999999999995,0.30000000000000004,0.28,0.3,0.29,0.28,1.0,0.25,0.44200000000000006
0.4250909090909091,0.4,0.42000000000000004,0.38166666666666665,0.455,0.42,0.42,0.76,0.36,0.25,1.0,0.48600000000000004
0.4686181818181818,0.43800000000000006,0.47600000000000003,0.4593333333333333,0.47200000000000003,0.42600000000000005,0.43200000000000005,0.542,0.398,0.44200000000000006,0.48600000000000004,0.764
