1,2,3,4,5,6,7,8,9,10,11,12
0.4994658604182415,0.41682539682539677,0.43761904761904763,0.48587301587301585,0.45714285714285724,0.424920634920635,0.422063492063492,0.48285714285714265,0.3629365079365079,0.41444444444444434,0.46142857142857147,0.3526984126984127
0.41682539682539677,1.0,0.6,0.49,0.45,0.35000000000000003,0.34,0.47,0.25,0.31,0.4,0.23
0.43761904761904763,0.6,1.0,0.51,0.43,0.42,0.39,0.46,0.29000000000000004,0.31,0.39,0.26
0.48587301587301585,0.49,0.51,1.0,0.49,0.4133333333333333,0.42,0.55,0.32499999999999996,0.39,0.46,0.29
0.45714285714285724,0.45,0.43,0.49,1.0,0.39999999999999997,0.38,0.55,0.265,0.36,0.43,0.31
0.4249206349206349,0.35000000000000003,0.42,0.4133333333333333,0.39999999999999997,0.811111111111111,0.7533333333333333,0.41666666666666663,0.24166666666666664,0.3433333333333333,0.39,0.26666666666666666
0.422063492063492,0.34,0.39,0.42,0.38,0.7533333333333333,1.0,0.41,0.24,0.33,0.4,0.24
0.48285714285714265,0.47,0.46,0.55,0.55,0.41666666666666663,0.41,1.0,0.31000000000000005,0.45,0.49,0.27
0.36293650793650806,0.25,0.29000000000000004,0.32499999999999996,0.265,0.24166666666666664,0.24,0.31000000000000005,0.905,0.29000000000000004,0.33999999999999997,0.365
0.41444444444444434,0.31,0.31,0.39,0.36,0.3433333333333333,0.33,0.45,0.29000000000000004,1.0,0.49,0.28
0.46142857142857147,0.4,0.39,0.46,0.43,0.39,0.4,0.49,0.33999999999999997,0.49,1.0,0.3
0.3526984126984127,0.23,0.26,0.29,0.31,0.26666666666666666,0.24,0.27,0.365,0.28,0.3,1.0
