1,2,3,4,5,6,7,8,9,10,11,12
16.745454545454553,2.7417230813022413,2.7417230813022404,14.001349370171651,4.843277231734144,3.157768679036359,3.1351385837621186,2.3691968975570483,2.282158069579199,2.4475318427371118,1.9653367357398293,2.024523138764766
2.7417230813022413,0.0,0.58,2.135462479183373,0.7909698687897874,0.45,0.44,0.33,0.34,0.39,0.32,0.34
2.7417230813022404,0.58,0.0,2.123088110512609,0.7216878364870323,0.47,0.46,0.37,0.35,0.39,0.27,0.28
14.00134937017165,2.135462479183373,2.123088110512609,15.9775,4.346823672713982,2.786000717874997,2.497854704541479,2.5137646071181767,2.3087036405740777,3.272136629940748,2.7453420779567703,2.681702467649982
4.843277231734145,0.7909698687897874,0.7216878364870323,4.346823672713982,1.4800000000000004,0.9930424630061565,0.8833459118601276,0.7332348418708248,0.7101408311032398,0.7621023553303061,0.5600297611139371,0.5427092530382484
3.157768679036359,0.45,0.47,2.786000717874997,0.9930424630061565,0.0,0.56,0.44,0.42,0.47,0.36,0.37
3.1351385837621186,0.44,0.46,2.497854704541479,0.8833459118601276,0.56,0.0,0.42,0.38,0.42,0.34,0.35
2.3691968975570483,0.33,0.37,2.5137646071181767,0.7332348418708248,0.44,0.42,0.0,0.59,0.49,0.36,0.36
2.282158069579199,0.34,0.35,2.3087036405740777,0.7101408311032398,0.42,0.38,0.59,0.0,0.48,0.34,0.34
2.4475318427371118,0.39,0.39,3.272136629940748,0.7621023553303061,0.47,0.42,0.49,0.48,0.0,0.66,0.62
1.9653367357398293,0.32,0.27,2.7453420779567703,0.5600297611139371,0.36,0.34,0.36,0.34,0.66,0.0,0.83
2.024523138764766,0.34,0.28,2.681702467649982,0.5427092530382484,0.37,0.35,0.36,0.34,0.62,0.83,0.0
