1,2,3,4,5,6,7,8,9,10,11,12
0.49690893421430626,0.42593220338983057,0.4586440677966102,0.4544067796610171,0.40536723163841804,0.4103389830508474,0.4486440677966103,0.48559322033898317,0.3796610169491525,0.447909604519774,0.4361016949152542,0.4583615819209038
0.42593220338983057,1.0,0.48,0.42,0.37333333333333335,0.37,0.41,0.44,0.33,0.3933333333333333,0.35,0.38666666666666666
0.4586440677966102,0.48,1.0,0.45,0.39999999999999997,0.38,0.43,0.48,0.38,0.39999999999999997,0.355,0.3866666666666666
0.4544067796610171,0.42,0.45,1.0,0.7666666666666667,0.71,0.77,0.45,0.43,0.42666666666666664,0.375,0.4033333333333333
0.4053672316384181,0.37333333333333335,0.39999999999999997,0.7666666666666667,0.8044444444444444,0.6933333333333332,0.69,0.39666666666666667,0.3833333333333333,0.38,0.34333333333333327,0.36
0.4103389830508474,0.37,0.38,0.71,0.6933333333333332,1.0,0.77,0.4,0.37,0.36999999999999994,0.36,0.3733333333333333
0.4486440677966103,0.41,0.43,0.77,0.69,0.77,1.0,0.46,0.39,0.4066666666666666,0.385,0.41333333333333333
0.48559322033898317,0.44,0.48,0.45,0.39666666666666667,0.4,0.46,1.0,0.48,0.44,0.5549999999999999,0.5833333333333333
0.3796610169491525,0.33,0.38,0.43,0.3833333333333333,0.37,0.39,0.48,1.0,0.3966666666666666,0.33999999999999997,0.4033333333333333
0.44790960451977385,0.3933333333333333,0.39999999999999997,0.4266666666666667,0.37999999999999995,0.36999999999999994,0.4066666666666666,0.44,0.39666666666666667,0.8044444444444443,0.37666666666666665,0.3955555555555555
0.4361016949152542,0.35,0.355,0.375,0.34333333333333327,0.36,0.385,0.5549999999999999,0.33999999999999997,0.3766666666666667,0.7949999999999999,0.6516666666666666
0.45836158192090376,0.38666666666666666,0.38666666666666666,0.4033333333333333,0.36,0.37333333333333335,0.41333333333333333,0.5833333333333333,0.4033333333333333,0.3955555555555555,0.6516666666666666,0.7844444444444444
