1,2,3,4,5,6,7,8,9,10,11,12
27.309999999999988,3.914244763548329,3.256399534921117,3.186807125505464,3.1237800377327978,3.567595780798662,6.088285387982173,3.555778201841286,8.021428198570849,3.8513213137920554,3.546586751541108,4.986848306744728
3.914244763548329,0.0,0.64,0.61,0.53,0.59,0.9468544414709864,0.61,1.2879751550398788,0.4666904755831213,0.42,0.6363961030678926
3.256399534921117,0.64,0.0,0.63,0.39,0.51,0.7216878364870323,0.46,1.0777847651548984,0.41012193308819755,0.32,0.5444722215136416
3.186807125505464,0.61,0.63,0.0,0.38,0.51,0.7851963660978912,0.45,1.0598962213349001,0.3889087296526011,0.33,0.4879036790187178
3.1237800377327978,0.53,0.39,0.38,0.0,0.52,0.7967433714816836,0.48,1.1627553482998907,0.37476659402887014,0.37,0.5444722215136416
3.567595780798662,0.59,0.51,0.51,0.52,0.0,0.8660254037844388,0.55,1.234309523579884,0.4596194077712558,0.42,0.6505382386916236
6.088285387982174,0.9468544414709864,0.7216878364870323,0.7851963660978912,0.7967433714816836,0.8660254037844388,1.4800000000000004,0.9353074360871938,1.9623115620784248,0.7715892689767012,0.7101408311032398,1.0614455552060438
3.555778201841286,0.61,0.46,0.45,0.48,0.55,0.9353074360871938,0.0,1.2566702033548818,0.43840620433565947,0.4,0.6081118318204308
8.021428198570847,1.2879751550398786,1.0777847651548986,1.0598962213349001,1.1627553482998907,1.234309523579884,1.9623115620784246,1.2566702033548818,3.02,1.0056042959335445,0.8899550550449163,1.4419986130367808
3.851321313792056,0.4666904755831213,0.41012193308819755,0.3889087296526011,0.37476659402887014,0.4596194077712558,0.7715892689767012,0.43840620433565947,1.0056042959335445,0.8099999999999999,0.6505382386916236,0.7349999999999999
3.546586751541108,0.42,0.32,0.33,0.37,0.42,0.7101408311032398,0.4,0.8899550550449163,0.6505382386916236,0.0,0.5727564927611034
4.986848306744725,0.6363961030678927,0.5444722215136416,0.48790367901871773,0.5444722215136416,0.6505382386916236,1.0614455552060438,0.6081118318204308,1.4419986130367808,0.7349999999999999,0.5727564927611034,0.6799999999999999
