1,2,3,4,5,6,7,8,9,10,11,12
23.904081632653057,3.057142857142858,3.360000000000001,3.484285714285714,3.5628571428571423,10.219126135809843,3.8157142857142854,2.925714285714287,2.774285714285714,2.968571428571429,8.699523809523807,2.287142857142857
3.057142857142858,0.0,0.61,0.49,0.46,1.1953409555436474,0.45,0.3,0.32,0.34,0.9066666666666667,0.23
3.360000000000001,0.61,0.0,0.54,0.55,1.315507506630046,0.52,0.39,0.34,0.39,1.0099999999999998,0.27
3.484285714285714,0.49,0.54,0.0,0.58,1.4325117800562757,0.53,0.39,0.39,0.43,1.18,0.29
3.5628571428571423,0.46,0.55,0.58,0.0,1.4546477236774544,0.54,0.48,0.42,0.48,1.1566666666666667,0.26
10.21912613580984,1.1953409555436474,1.315507506630046,1.4325117800562757,1.4546477236774544,5.526000000000001,1.9068534290815329,1.2649110640673518,1.7360904354324405,1.2332882874656677,4.3407531348577955,1.0941480704182591
3.8157142857142854,0.45,0.52,0.53,0.54,1.9068534290815329,0.0,0.5,0.55,0.48,1.5033333333333332,0.39
2.925714285714287,0.3,0.39,0.39,0.48,1.2649110640673518,0.5,0.0,0.36,0.36,0.98,0.26
2.774285714285714,0.32,0.34,0.39,0.42,1.7360904354324405,0.55,0.36,0.0,0.36,1.1633333333333333,0.3
2.968571428571429,0.34,0.39,0.43,0.48,1.2332882874656677,0.48,0.36,0.36,0.0,1.0166666666666666,0.29
8.699523809523805,0.9066666666666667,1.01,1.18,1.1566666666666665,4.340753134857795,1.5033333333333332,0.9800000000000001,1.1633333333333333,1.0166666666666666,4.891111111111111,1.39
2.287142857142857,0.23,0.27,0.29,0.26,1.0941480704182591,0.39,0.26,0.3,0.29,1.3900000000000001,0.0
