1,2,3,4,5,6,7,8,9,10,11,12
26.54074074074075,3.083635420637045,3.9382351753413993,3.1952232866971673,3.2809554276945776,3.199305769601806,3.18841914852277,3.4292856398964493,3.1312643878578292,5.09126712380385,2.2480872528210063,10.940120416257871
3.083635420637045,0.0,0.65,0.59,0.59,0.6,0.39,0.45,0.3,0.6222539674441618,0.22,1.0883052574224448
3.9382351753413993,0.65,0.0,0.67,0.65,0.66,0.48,0.56,0.43,0.7990306627407986,0.26,1.362546635287517
3.1952232866971673,0.59,0.67,0.0,0.59,0.58,0.41,0.44,0.32,0.6363961030678926,0.25,1.2008885599144217
3.2809554276945776,0.59,0.65,0.59,0.0,0.57,0.39,0.42,0.33,0.6434671708797581,0.25,1.1691342951089925
3.199305769601806,0.6,0.66,0.58,0.57,0.0,0.4,0.45,0.35,0.6434671708797581,0.22,1.134493278957615
3.18841914852277,0.39,0.48,0.41,0.39,0.4,0.0,0.48,0.36,0.7495331880577404,0.24,1.183568051838733
3.4292856398964493,0.45,0.56,0.44,0.42,0.45,0.48,0.0,0.36,0.7353910524340094,0.23,1.2413030787576955
3.1312643878578292,0.3,0.43,0.32,0.33,0.35,0.36,0.36,0.0,0.5727564927611034,0.25,1.1373800303035628
5.091267123803849,0.6222539674441617,0.7990306627407986,0.6363961030678927,0.6434671708797581,0.6434671708797581,0.7495331880577404,0.7353910524340094,0.5727564927611034,0.7399999999999999,0.3959797974644666,1.8289523412781066
2.2480872528210063,0.22,0.26,0.25,0.25,0.22,0.24,0.23,0.25,0.39597979746446654,0.0,1.631014510460693
10.940120416257871,1.0883052574224448,1.362546635287517,1.200888559914422,1.1691342951089925,1.134493278957615,1.1835680518387328,1.2413030787576957,1.137380030303563,1.8289523412781064,1.6310145104606928,6.326666666666669
