1,2,3,4,5,6,7,8,9,10,11,12
21.523181818181808,3.0648628176329655,6.265339321870907,11.990352395496211,4.824732211127461,4.972906708994611,4.325842534855333,3.532205401728499,2.745260792380536,2.0472620296830155,2.265857754501894,3.280443429006066
3.0648628176329655,0.0,0.7915680640349255,1.4625000000000001,0.700035713374682,0.6505382386916236,0.5444722215136415,0.48,0.38,0.25,0.24,0.41
6.265339321870909,0.7915680640349255,2.8919999999999995,3.1841607999597,1.3945644481342552,1.4230249470757705,1.5684897194435157,1.050951949424901,0.7736795202149273,0.4516857314549575,0.5769055381949457,0.9972863179649062
11.990352395496217,1.4625000000000001,3.1841607999597006,8.26125,2.5402811114126718,2.6003851878135285,2.3917886873634973,2.0300000000000002,1.4825000000000002,1.6925,1.5574999999999999,1.7975
4.824732211127463,0.700035713374682,1.3945644481342552,2.540281111412672,0.8199999999999998,1.14,1.0399999999999998,0.8555992052357224,0.9899494936611665,0.4242640687119285,0.43133513652379396,0.7848885271170677
4.972906708994613,0.6505382386916236,1.4230249470757705,2.600385187813529,1.1399999999999997,0.6999999999999998,1.0349999999999997,0.8980256121069152,0.6222539674441617,0.4596194077712558,0.4454772721475249,0.834386001800126
4.325842534855334,0.5444722215136415,1.5684897194435157,2.391788687363497,1.0399999999999998,1.035,0.6999999999999998,0.7990306627407986,0.6151828996322963,0.3959797974644666,0.4242640687119285,0.7566042558696058
3.532205401728499,0.48,1.050951949424901,2.0300000000000002,0.8555992052357224,0.8980256121069152,0.7990306627407986,0.0,0.46,0.34,0.35,0.62
2.745260792380536,0.38,0.7736795202149273,1.4825000000000002,0.9899494936611665,0.6222539674441617,0.6151828996322963,0.46,0.0,0.28,0.29,0.43
2.0472620296830155,0.25,0.4516857314549575,1.6925,0.4242640687119285,0.4596194077712558,0.3959797974644666,0.34,0.28,0.0,0.33,0.28
2.265857754501894,0.24,0.5769055381949457,1.5574999999999999,0.43133513652379396,0.4454772721475249,0.4242640687119285,0.35,0.29,0.33,0.0,0.33
3.280443429006066,0.41,0.9972863179649062,1.7975,0.7848885271170677,0.834386001800126,0.7566042558696058,0.62,0.43,0.28,0.33,0.0
