1,2,3,4,5,6,7,8,9,10,11,12
0.502142857142857,0.44696428571428565,0.47017857142857156,0.43196428571428575,0.43714285714285706,0.4012053571428572,0.40607142857142864,0.47839285714285706,0.4382142857142857,0.4617857142857143,0.4563392857142856,0.44696428571428565
0.44696428571428565,1.0,0.64,0.39,0.405,0.36749999999999994,0.33,0.46499999999999997,0.38,0.44,0.3483333333333333,0.35
0.47017857142857156,0.64,1.0,0.41,0.41500000000000004,0.37750000000000006,0.39,0.47,0.36,0.43,0.3516666666666667,0.37
0.43196428571428575,0.39,0.41,1.0,0.395,0.35750000000000004,0.36,0.505,0.39,0.39,0.3433333333333333,0.32
0.4371428571428571,0.405,0.41500000000000004,0.395,0.855,0.72875,0.49,0.4625,0.375,0.405,0.3475,0.31
0.4012053571428572,0.36749999999999994,0.37750000000000006,0.35750000000000004,0.72875,0.7625,0.45999999999999996,0.40874999999999995,0.35,0.38249999999999995,0.31708333333333333,0.275
0.40607142857142864,0.33,0.39,0.36,0.49,0.45999999999999996,1.0,0.405,0.33,0.41,0.32666666666666666,0.31
0.4783928571428569,0.46499999999999997,0.47,0.505,0.4625,0.40874999999999995,0.405,0.865,0.39,0.42500000000000004,0.3783333333333333,0.37
0.4382142857142857,0.38,0.36,0.39,0.375,0.35,0.33,0.39,1.0,0.51,0.4333333333333333,0.42
0.4617857142857143,0.44,0.43,0.39,0.405,0.38249999999999995,0.41,0.42500000000000004,0.51,1.0,0.43499999999999994,0.44
0.45633928571428556,0.3483333333333333,0.3516666666666666,0.3433333333333333,0.3474999999999999,0.31708333333333333,0.32666666666666666,0.3783333333333333,0.4333333333333333,0.43499999999999994,0.6983333333333333,0.6333333333333333
0.44696428571428565,0.35,0.37,0.32,0.31,0.275,0.31,0.37,0.42,0.44,0.6333333333333333,1.0
