1,2,3,4,5,6,7,8,9,10,11,12
0.48167933884297526,0.41418181818181826,0.5243636363636364,0.4289090909090909,0.5078181818181818,0.4489090909090909,0.49784848484848476,0.483090909090909,0.3776363636363636,0.4481038961038961,0.32290909090909087,0.4605454545454544
0.41418181818181826,1.0,0.61,0.6,0.49,0.45,0.4116666666666666,0.47,0.31,0.33571428571428574,0.23,0.34
0.5243636363636364,0.61,1.0,0.62,0.59,0.58,0.5283333333333333,0.61,0.43,0.4385714285714285,0.33,0.44
0.4289090909090909,0.6,0.62,1.0,0.48,0.45,0.42,0.47,0.34,0.3628571428571429,0.21,0.36
0.5078181818181818,0.49,0.59,0.48,1.0,0.56,0.4983333333333333,0.54,0.42,0.4057142857142857,0.31,0.47
0.4489090909090909,0.45,0.58,0.45,0.56,1.0,0.48333333333333334,0.55,0.38,0.3842857142857143,0.31,0.37
0.4978484848484848,0.4116666666666666,0.5283333333333333,0.42,0.4983333333333333,0.48333333333333334,0.7005555555555555,0.47833333333333333,0.46166666666666667,0.5211904761904762,0.3833333333333333,0.5983333333333334
0.483090909090909,0.47,0.61,0.47,0.54,0.55,0.47833333333333333,1.0,0.35,0.4057142857142857,0.27,0.4
0.3776363636363636,0.31,0.43,0.34,0.42,0.38,0.46166666666666667,0.35,1.0,0.36000000000000004,0.27,0.45
0.44810389610389595,0.33571428571428574,0.4385714285714285,0.3628571428571429,0.4057142857142857,0.3842857142857143,0.5211904761904761,0.4057142857142857,0.36,0.7244897959183673,0.51,0.4914285714285714
0.32290909090909087,0.23,0.33,0.21,0.31,0.31,0.3833333333333333,0.27,0.27,0.51,1.0,0.37
0.4605454545454544,0.34,0.44,0.36,0.47,0.37,0.5983333333333334,0.4,0.45,0.49142857142857144,0.37,1.0
