1,2,3,4,5,6,7,8,9,10,11,12
26.25345454545455,3.2833533301959896,3.1997525472505473,3.0042345871362075,11.310438388008025,5.323181635758142,3.6919184468487143,2.362396318071201,2.8356846215203957,2.8262458234459107,3.290095328820622,3.4060577051642995
3.2833533301959896,0.0,0.38,0.33,1.2542871934434967,0.5868986283848344,0.47,0.26,0.29,0.32,0.41,0.35
3.1997525472505473,0.38,0.0,0.31,1.2995138951301612,0.6363961030678927,0.5,0.24,0.29,0.33,0.39,0.36
3.0042345871362075,0.33,0.31,0.0,1.0914710673715042,0.5586143571373725,0.39,0.18,0.25,0.36,0.37,0.36
11.310438388008027,1.2542871934434967,1.2995138951301612,1.0914710673715042,5.723636363636364,2.496580388524198,1.522632290117706,1.1487582228412794,1.3929824119492678,1.341725483371048,1.7547960254425843,1.483435815322597
5.323181635758142,0.5868986283848344,0.6363961030678927,0.5586143571373725,2.496580388524198,0.7899999999999999,0.7212489168102785,0.5020458146424487,0.6010407640085653,0.685893577750951,0.67175144212722,0.8626702730475879
3.6919184468487143,0.47,0.5,0.39,1.522632290117706,0.7212489168102785,0.0,0.28,0.33,0.36,0.45,0.46
2.362396318071201,0.26,0.24,0.18,1.1487582228412794,0.5020458146424487,0.28,0.0,0.81,0.23,0.3,0.31
2.8356846215203957,0.29,0.29,0.25,1.3929824119492678,0.6010407640085653,0.33,0.81,0.0,0.29,0.38,0.36
2.8262458234459107,0.32,0.33,0.36,1.341725483371048,0.685893577750951,0.36,0.23,0.29,0.0,0.41,0.33
3.290095328820622,0.41,0.39,0.37,1.7547960254425843,0.67175144212722,0.45,0.3,0.38,0.41,0.0,0.4
3.4060577051642995,0.35,0.36,0.36,1.483435815322597,0.8626702730475879,0.46,0.31,0.36,0.33,0.4,0.0
