1,2,3,4,5,6,7,8,9,10,11,12
5.297777777777776,1.8633333333333333,9.886438773743768,1.573333333333333,1.4433333333333331,1.3399999999999996,1.71,1.19,1.2138666410369066,1.8974031961839024,1.13,0.7999999999999998
1.8633333333333333,0.0,3.0026800528860873,0.48,0.39,0.4,0.5,0.39,0.3889087296526011,0.5727564927611034,0.33,0.24
9.886438773743764,3.0026800528860873,26.912857142857145,3.7323032433070065,3.3407655239053047,3.710922343954013,4.036981059087171,3.082858425459815,3.846733424051411,4.882356080096693,3.6240624403324744,2.620496476951322
1.573333333333333,0.48,3.7323032433070065,0.0,0.56,0.5,0.62,0.44,0.4737615433949868,0.6717514421272202,0.44,0.31
1.4433333333333331,0.39,3.3407655239053047,0.56,0.0,0.48,0.6,0.41,0.37476659402887014,0.6363961030678927,0.42,0.31
1.3399999999999996,0.4,3.710922343954013,0.5,0.48,0.0,0.54,0.4,0.5303300858899106,0.7212489168102785,0.51,0.34
1.71,0.5,4.036981059087171,0.62,0.6,0.54,0.0,0.49,0.4666904755831213,0.7283199846221439,0.46,0.35
1.19,0.39,3.082858425459815,0.44,0.41,0.4,0.49,0.0,0.417193000900063,0.5868986283848344,0.38,0.29
1.2138666410369063,0.3889087296526011,3.8467334240514104,0.4737615433949868,0.37476659402887014,0.5303300858899106,0.4666904755831213,0.417193000900063,0.8099999999999999,0.6299999999999999,0.6576093065034891,0.5161879502661797
1.8974031961839022,0.5727564927611034,4.882356080096692,0.6717514421272202,0.6363961030678927,0.7212489168102784,0.7283199846221439,0.5868986283848344,0.6299999999999999,0.5799999999999998,0.6646803743153546,0.45254833995939037
1.13,0.33,3.6240624403324744,0.44,0.42,0.51,0.46,0.38,0.6576093065034891,0.6646803743153546,0.0,0.71
0.7999999999999998,0.24,2.620496476951322,0.31,0.31,0.34,0.35,0.29,0.5161879502661797,0.45254833995939037,0.71,0.0
