1,2,3,4,5,6,7,8,9,10,11,12
24.350980392156853,3.0008002200720236,3.7807562268756256,3.297659597885964,3.0400080624248096,12.24933985149345,3.646329338808936,3.737347544270757,2.8285657697365796,3.8563713514131392,2.955991257383129,4.1912945494202605
3.0008002200720236,0.0,0.61,0.61,0.39,1.4071839491220277,0.42,0.46,0.32,0.5,0.34,0.4030508652763321
3.7807562268756256,0.61,0.0,0.67,0.53,1.7919002948452978,0.59,0.6,0.42,0.68,0.48,0.5444722215136415
3.297659597885964,0.61,0.67,0.0,0.41,1.5853411830475692,0.5,0.52,0.34,0.55,0.39,0.45254833995939037
3.0400080624248096,0.39,0.53,0.41,0.0,1.5104635050208925,0.48,0.49,0.36,0.53,0.38,0.4313351365237939
12.24933985149345,1.4071839491220277,1.7919002948452978,1.5853411830475692,1.5104635050208925,7.210666666666663,2.08366504025959,2.044935206797516,1.8693599617694463,1.985549462155669,1.4639877048664032,2.083171460377981
3.646329338808936,0.42,0.59,0.5,0.48,2.08366504025959,0.0,0.64,0.48,0.64,0.51,0.5586143571373725
3.737347544270757,0.46,0.6,0.52,0.49,2.044935206797516,0.64,0.0,0.5,0.67,0.46,0.5727564927611034
2.8285657697365796,0.32,0.42,0.34,0.36,1.8693599617694463,0.48,0.5,0.0,0.49,0.36,0.5161879502661797
3.8563713514131392,0.5,0.68,0.55,0.53,1.985549462155669,0.64,0.67,0.49,0.0,0.49,0.5727564927611034
2.955991257383129,0.34,0.48,0.39,0.38,1.4639877048664032,0.51,0.46,0.36,0.49,0.0,0.47376154339498683
4.191294549420261,0.4030508652763321,0.5444722215136415,0.45254833995939037,0.4313351365237939,2.0831714603779816,0.5586143571373725,0.5727564927611034,0.5161879502661797,0.5727564927611034,0.47376154339498683,0.7099999999999999
