1,2,3,4,5,6,7,8,9,10,11,12
3.951428571428571,5.53151006249004,1.6479251023202304,1.74619586530263,7.070581253977851,2.0948917462655268,1.2699606293110033,0.6727767619564243,0.8164032616999307,0.6803360514166089,0.9146740246823298,1.194367734709158
5.531510062490041,9.12,1.9075000000000002,2.08,12.136979966346173,3.6690609607000724,2.31,1.19,1.43,1.22,1.715,2.2
1.6479251023202304,1.9075000000000002,0.0,0.62,2.510126467674673,0.7909698687897874,0.45,0.25,0.3,0.24,0.3,0.41
1.74619586530263,2.08,0.62,0.0,2.6321253239407567,0.7851963660978912,0.5,0.25,0.3,0.27,0.36,0.46
7.07058125397785,12.136979966346173,2.510126467674673,2.6321253239407567,20.646976744186052,5.05202730049643,3.3183688904374784,2.240203998185963,2.705324637700407,2.4674268679815436,2.8928978792095106,3.088096049235244
2.0948917462655268,3.6690609607000724,0.7909698687897874,0.7851963660978912,5.052027300496429,1.4800000000000004,0.9930424630061565,0.5080682368868707,0.5831237718815221,0.5196152422706632,0.692820323027551,0.8891194145520238
1.2699606293110033,2.31,0.45,0.5,3.3183688904374784,0.9930424630061565,0.0,0.31,0.37,0.34,0.49,0.62
0.6727767619564243,1.19,0.25,0.25,2.240203998185963,0.5080682368868707,0.31,0.0,0.81,0.33,0.31,0.28
0.8164032616999307,1.43,0.3,0.3,2.705324637700407,0.5831237718815221,0.37,0.81,0.0,0.4,0.37,0.32
0.6803360514166089,1.22,0.24,0.27,2.4674268679815436,0.5196152422706632,0.34,0.33,0.4,0.0,0.26,0.33
0.9146740246823298,1.715,0.3,0.36,2.8928978792095106,0.692820323027551,0.49,0.31,0.37,0.26,0.0,0.44
1.194367734709158,2.2,0.41,0.46,3.088096049235244,0.8891194145520238,0.62,0.28,0.32,0.33,0.44,0.0
