1,2,3,4,5,6,7,8,9,10,11,12
17.984571428571424,2.90564032775664,2.5861720194692612,2.8515504554540145,9.070503228020144,5.6192326200376534,9.907914025471479,5.122499482906851,2.8701438490580435,2.285297104785909,1.7562305413258579,2.0706279240848655
2.90564032775664,0.0,0.36,0.4,1.2874911002928657,0.8371578903249575,1.5061462314756282,0.825610884941165,0.45,0.35,0.24,0.32
2.5861720194692612,0.36,0.0,0.76,1.2355295760657996,0.7101408311032398,1.1957006314291219,0.6812733176437584,0.36,0.31,0.25,0.28
2.8515504554540145,0.4,0.76,0.0,1.3279056191361391,0.8082903768654761,1.350923431452375,0.7563288526384099,0.43,0.33,0.24,0.33
9.070503228020142,1.2874911002928657,1.2355295760657996,1.3279056191361391,6.313333333333334,2.7150000000000007,6.6310263379146415,2.8166666666666673,1.633901261806641,1.2817175976009694,1.2672838408712288,1.5126577052768198
5.619232620037653,0.8371578903249575,0.7101408311032398,0.8082903768654761,2.7150000000000016,1.546666666666667,3.006401340408138,1.5333333333333339,0.8775724091682313,0.6870468203356548,0.5022947341949745,0.6177647880328997
9.907914025471479,1.5061462314756282,1.1957006314291219,1.350923431452375,6.631026337914642,3.0064013404081384,9.602352941176473,3.6659332599853305,2.19252205032845,1.7874875565177744,1.8190171877724979,2.2725588065904403
5.122499482906852,0.825610884941165,0.6812733176437584,0.7563288526384099,2.8166666666666673,1.5333333333333339,3.6659332599853305,1.3600000000000003,1.2643970895252807,0.9930424630061564,0.6004442799572108,0.715914333795136
2.8701438490580435,0.45,0.36,0.43,1.633901261806641,0.8775724091682313,2.19252205032845,1.2643970895252807,0.0,0.79,0.34,0.4
2.285297104785909,0.35,0.31,0.33,1.2817175976009694,0.6870468203356548,1.7874875565177744,0.9930424630061564,0.79,0.0,0.28,0.34
1.7562305413258579,0.24,0.25,0.24,1.2672838408712288,0.5022947341949745,1.8190171877724979,0.6004442799572108,0.34,0.28,0.0,0.39
2.0706279240848655,0.32,0.28,0.33,1.5126577052768198,0.6177647880328997,2.2725588065904403,0.715914333795136,0.4,0.34,0.39,0.0
