1,2,3,4,5,6,7,8,9,10,11,12
0.48377358490566036,0.5196226415094339,0.4294339622641509,0.4137735849056603,0.4424528301886793,0.43990566037735856,0.48364779874213815,0.48403773584905657,0.4532075471698113,0.44207547169811323,0.4425471698113207,0.42245283018867924
0.5196226415094339,1.0,0.66,0.48,0.56,0.47,0.5366666666666666,0.5780000000000001,0.5,0.3966666666666666,0.415,0.34
0.4294339622641509,0.66,1.0,0.4,0.45,0.33999999999999997,0.42833333333333334,0.462,0.44,0.31333333333333335,0.35,0.27
0.4137735849056603,0.48,0.4,1.0,0.48,0.38,0.44166666666666665,0.5200000000000001,0.39,0.3333333333333333,0.365,0.32
0.4424528301886793,0.56,0.45,0.48,1.0,0.4,0.485,0.534,0.43,0.37666666666666665,0.365,0.32
0.43990566037735834,0.47,0.33999999999999997,0.38,0.4,0.875,0.45583333333333326,0.44300000000000006,0.4,0.33666666666666667,0.3625,0.32999999999999996
0.4836477987421384,0.5366666666666666,0.42833333333333334,0.44166666666666665,0.485,0.45583333333333326,0.6627777777777777,0.5086666666666666,0.515,0.4388888888888889,0.43499999999999994,0.3883333333333333
0.48403773584905674,0.5780000000000001,0.462,0.5200000000000001,0.534,0.443,0.5086666666666667,0.7824000000000001,0.448,0.3893333333333333,0.42600000000000005,0.36000000000000004
0.4532075471698113,0.5,0.44,0.39,0.43,0.4,0.515,0.448,1.0,0.4133333333333333,0.38,0.37
0.4420754716981132,0.39666666666666667,0.31333333333333335,0.3333333333333333,0.37666666666666665,0.33666666666666667,0.43888888888888883,0.3893333333333333,0.4133333333333333,0.7511111111111111,0.4083333333333333,0.5366666666666666
0.4425471698113207,0.415,0.35,0.365,0.365,0.3625,0.43499999999999994,0.426,0.38,0.4083333333333333,0.7949999999999999,0.43000000000000005
0.42245283018867924,0.34,0.27,0.32,0.32,0.32999999999999996,0.3883333333333333,0.36000000000000004,0.37,0.5366666666666667,0.43000000000000005,1.0
