1,2,3,4,5,6,7,8,9,10,11,12
30.466349206349204,3.308449020407436,3.4734935069547985,3.8564975062708156,3.62845894088858,5.841692921617516,3.35002511243845,3.832559756313564,4.073952197551722,3.289550796756974,3.6624757434594115,2.799456863421675
3.308449020407436,0.0,0.6,0.49,0.45,0.6062177826491072,0.34,0.47,0.35355339059327373,0.31,0.4,0.23
3.4734935069547985,0.6,0.0,0.51,0.43,0.7274613391789285,0.39,0.46,0.41012193308819755,0.31,0.39,0.26
3.8564975062708156,0.49,0.51,0.0,0.49,0.715914333795136,0.42,0.55,0.4596194077712558,0.39,0.46,0.29
3.62845894088858,0.45,0.43,0.49,0.0,0.692820323027551,0.38,0.55,0.37476659402887014,0.36,0.43,0.31
5.8416929216175175,0.6062177826491072,0.7274613391789285,0.715914333795136,0.692820323027551,1.4333333333333336,1.3048116083685544,0.7216878364870323,0.5919600211726015,0.5946707772653146,0.6754998149518623,0.4618802153517007
3.35002511243845,0.34,0.39,0.42,0.38,1.3048116083685544,0.0,0.41,0.3394112549695428,0.33,0.4,0.24
3.832559756313564,0.47,0.46,0.55,0.55,0.7216878364870323,0.41,0.0,0.43840620433565947,0.45,0.49,0.27
4.073952197551721,0.35355339059327373,0.41012193308819755,0.4596194077712558,0.37476659402887014,0.5919600211726015,0.3394112549695428,0.43840620433565947,0.8099999999999999,0.41012193308819755,0.4808326112068523,0.5161879502661797
3.289550796756974,0.31,0.31,0.39,0.36,0.5946707772653146,0.33,0.45,0.41012193308819755,0.0,0.49,0.28
3.6624757434594115,0.4,0.39,0.46,0.43,0.6754998149518623,0.4,0.49,0.4808326112068523,0.49,0.0,0.3
2.799456863421675,0.23,0.26,0.29,0.31,0.4618802153517007,0.24,0.27,0.5161879502661797,0.28,0.3,0.0
