1,2,3,4,5,6,7,8,9,10,11,12
29.55968253968254,3.4369569412305734,3.355064638745239,3.37900238870249,3.7972830721660364,3.4382168228072696,5.19555854277753,4.286117123924636,5.0539100845639435,5.093999270850806,3.375222743972399,3.3374262966714747
3.4369569412305734,0.0,0.63,0.58,0.51,0.4,0.5798275605729689,0.53,0.4666904755831213,0.45254833995939037,0.34,0.37
3.355064638745239,0.63,0.0,0.55,0.51,0.39,0.6293250352560272,0.5,0.49497474683058323,0.4879036790187178,0.31,0.35
3.37900238870249,0.58,0.55,0.0,0.49,0.33,0.5586143571373725,0.51,0.4808326112068523,0.5232590180780451,0.33,0.36
3.7972830721660364,0.51,0.51,0.49,0.0,0.43,0.700035713374682,0.59,0.5868986283848344,0.565685424949238,0.42,0.39
3.4382168228072696,0.4,0.39,0.33,0.43,0.0,0.6081118318204308,0.49,0.4666904755831213,0.4737615433949868,0.34,0.32
5.195558542777529,0.5798275605729689,0.6293250352560272,0.5586143571373725,0.700035713374682,0.6081118318204308,0.7799999999999998,0.7919595949289332,0.8299999999999998,0.7749999999999998,0.551543289325507,0.5586143571373725
4.286117123924636,0.53,0.5,0.51,0.59,0.49,0.7919595949289332,0.0,0.6576093065034891,0.6576093065034891,0.49,0.48
5.0539100845639435,0.4666904755831213,0.49497474683058323,0.4808326112068523,0.5868986283848344,0.4666904755831213,0.8299999999999998,0.6576093065034891,0.6999999999999998,1.3999999999999997,0.551543289325507,0.5586143571373725
5.093999270850808,0.45254833995939037,0.4879036790187178,0.5232590180780451,0.565685424949238,0.4737615433949868,0.7749999999999998,0.6576093065034891,1.3999999999999997,0.7299999999999998,0.565685424949238,0.5727564927611034
3.375222743972399,0.34,0.31,0.33,0.42,0.34,0.551543289325507,0.49,0.551543289325507,0.565685424949238,0.0,0.6
3.3374262966714747,0.37,0.35,0.36,0.39,0.32,0.5586143571373725,0.48,0.5586143571373725,0.5727564927611034,0.6,0.0
