1,2,3,4,5,6,7,8,9,10,11,12
0.5082465639316951,0.4367346938775511,0.4799999999999999,0.49775510204081624,0.5089795918367345,0.4616530612244898,0.5451020408163266,0.41795918367346946,0.396326530612245,0.4240816326530611,0.4142630385487528,0.32673469387755116
0.4367346938775511,1.0,0.61,0.49,0.46,0.37800000000000006,0.45,0.3,0.32,0.34,0.3022222222222222,0.23
0.4799999999999999,0.61,1.0,0.54,0.55,0.4159999999999999,0.52,0.39,0.34,0.39,0.3366666666666666,0.27
0.49775510204081624,0.49,0.54,1.0,0.58,0.45299999999999996,0.53,0.39,0.39,0.43,0.3933333333333333,0.29
0.5089795918367345,0.46,0.55,0.58,1.0,0.4599999999999999,0.54,0.48,0.42,0.48,0.38555555555555554,0.26
0.4616530612244896,0.37800000000000006,0.4159999999999999,0.45299999999999996,0.4599999999999999,0.6526000000000001,0.6030000000000001,0.4,0.549,0.38999999999999996,0.4575555555555555,0.346
0.5451020408163266,0.45,0.52,0.53,0.54,0.6030000000000001,1.0,0.5,0.55,0.48,0.5011111111111111,0.39
0.41795918367346946,0.3,0.39,0.39,0.48,0.4,0.5,1.0,0.36,0.36,0.32666666666666666,0.26
0.396326530612245,0.32,0.34,0.39,0.42,0.549,0.55,0.36,1.0,0.36,0.3877777777777778,0.3
0.4240816326530611,0.34,0.39,0.43,0.48,0.38999999999999996,0.48,0.36,0.36,1.0,0.3388888888888889,0.29
0.4142630385487526,0.3022222222222222,0.3366666666666666,0.39333333333333326,0.38555555555555554,0.45755555555555555,0.5011111111111112,0.32666666666666666,0.3877777777777778,0.3388888888888889,0.6545679012345679,0.4633333333333333
0.32673469387755116,0.23,0.27,0.29,0.26,0.346,0.39,0.26,0.3,0.29,0.4633333333333334,1.0
