1,2,3,4,5,6,7,8,9,10,11,12
28.906885245901638,3.5760700565257846,3.3507251478438884,3.8103775468029832,5.0844874977478405,3.722032099649284,3.526135673351955,3.2047631047203864,2.6081112442330903,6.041655447511724,3.8590315611774844,6.0490476602212695
3.5760700565257846,0.0,0.62,0.55,0.6293250352560272,0.5,0.44,0.39,0.25,0.6581793068761734,0.43,0.6812733176437584
3.3507251478438884,0.62,0.0,0.48,0.5798275605729689,0.47,0.42,0.34,0.22,0.6754998149518622,0.41,0.6119912853410034
3.8103775468029832,0.55,0.48,0.0,0.7707463914933367,0.6,0.51,0.48,0.3,0.7274613391789285,0.48,0.7332348418708248
5.084487497747835,0.6293250352560272,0.5798275605729689,0.7707463914933367,0.6999999999999998,0.6929646455628165,0.6293250352560272,0.6151828996322963,0.3959797974644666,0.9879608629225485,0.6929646455628166,1.0451156235874892
3.722032099649284,0.5,0.47,0.6,0.6929646455628165,0.0,0.55,0.46,0.28,0.7967433714816837,0.47,0.6812733176437585
3.526135673351955,0.44,0.42,0.51,0.6293250352560272,0.55,0.0,0.39,0.26,0.6870468203356548,0.41,0.6466323014923809
3.2047631047203864,0.39,0.34,0.48,0.6151828996322963,0.46,0.39,0.0,0.28,0.6639528095680697,0.38,0.6293117934166922
2.6081112442330903,0.25,0.22,0.3,0.3959797974644666,0.28,0.26,0.28,0.0,0.47342722073549315,0.37,0.5427092530382482
6.041655447511724,0.6581793068761734,0.6754998149518623,0.7274613391789285,0.9879608629225486,0.7967433714816836,0.6870468203356547,0.6639528095680697,0.4734272207354932,1.4133333333333338,0.7563288526384099,1.1500000000000004
3.8590315611774844,0.43,0.41,0.48,0.6929646455628166,0.47,0.41,0.38,0.37,0.7563288526384099,0.0,1.1893415545306292
6.04904766022127,0.6812733176437585,0.6119912853410034,0.7332348418708249,1.0451156235874894,0.6812733176437585,0.6466323014923809,0.6293117934166922,0.5427092530382482,1.1500000000000004,1.1893415545306292,1.3000000000000003
