1,2,3,4,5,6,7,8,9,10,11,12
29.664193548387093,6.206839143278778,4.278634278636418,3.8900138900158363,3.2346932346948525,2.5400025400038113,3.0505430505445763,3.041653041654563,5.009191873526751,3.3629633629650435,5.307336674891199,2.702562702564055
6.20683914327878,1.4733333333333338,0.9526279441628827,0.8082903768654761,0.6697263122599659,0.3983716857408418,0.49652123150307825,0.6985938257194473,1.016538243255019,0.6754998149518623,0.9063112048297759,0.4849742261192857
4.278634278636418,0.9526279441628827,0.0,0.57,0.48,0.29,0.36,0.44,0.8131727983645296,0.52,0.7071067811865475,0.39
3.8900138900158363,0.8082903768654761,0.57,0.0,0.62,0.28,0.33,0.36,0.6576093065034891,0.45,0.5939696961966998,0.28
3.2346932346948525,0.6697263122599659,0.48,0.62,0.0,0.28,0.31,0.33,0.5586143571373725,0.36,0.5444722215136415,0.29
2.5400025400038113,0.3983716857408418,0.29,0.28,0.28,0.0,0.81,0.23,0.40305086527633205,0.25,0.6505382386916236,0.33
3.0505430505445763,0.49652123150307825,0.36,0.33,0.31,0.81,0.0,0.29,0.5020458146424487,0.3,0.7848885271170677,0.4
3.041653041654563,0.6985938257194473,0.44,0.36,0.33,0.23,0.29,0.0,0.5939696961966998,0.35,0.5232590180780452,0.27
5.009191873526753,1.016538243255019,0.8131727983645296,0.6576093065034891,0.5586143571373725,0.40305086527633205,0.5020458146424487,0.5939696961966998,0.7899999999999999,0.940452018978108,1.005,0.43840620433565947
3.3629633629650435,0.6754998149518623,0.52,0.45,0.36,0.25,0.3,0.35,0.940452018978108,0.0,0.685893577750951,0.28
5.307336674891198,0.9063112048297759,0.7071067811865475,0.5939696961966999,0.5444722215136415,0.6505382386916236,0.7848885271170677,0.5232590180780452,1.005,0.6858935777509511,0.6999999999999998,0.67175144212722
2.702562702564055,0.4849742261192857,0.39,0.28,0.29,0.33,0.4,0.27,0.43840620433565947,0.28,0.67175144212722,0.0
