1,2,3,4,5,6,7,8,9,10,11,12
0.7376000000000001,0.6200000000000001,0.4957931034482759,0.632,0.634,0.536,0.41485714285714287,0.36400000000000005,0.37526315789473685,0.28200000000000003,0.484,0.378
0.6200000000000001,1.0,0.44931034482758625,0.6,0.59,0.49,0.36357142857142855,0.3,0.3326315789473684,0.25,0.42,0.33
0.4957931034482759,0.44931034482758625,0.5787158145065397,0.47,0.4641379310344828,0.5306896551724137,0.47118226600985225,0.4537931034482758,0.44032667876588016,0.3270689655172414,0.5472413793103448,0.43913793103448295
0.632,0.6,0.47,1.0,0.61,0.51,0.3942857142857143,0.32,0.3526315789473684,0.29000000000000004,0.44,0.345
0.634,0.59,0.4641379310344828,0.61,1.0,0.5,0.40714285714285714,0.33,0.35473684210526313,0.275,0.48,0.365
0.536,0.49,0.5306896551724137,0.51,0.5,1.0,0.43857142857142856,0.39,0.4205263157894736,0.32499999999999996,0.5,0.43
0.4148571428571428,0.36357142857142855,0.47118226600985225,0.3942857142857143,0.40714285714285714,0.43857142857142856,0.5499999999999999,0.4157142857142857,0.41090225563909766,0.29357142857142854,0.5742857142857142,0.43535714285714283
0.36400000000000005,0.3,0.4537931034482758,0.32,0.33,0.39,0.4157142857142857,1.0,0.35052631578947374,0.28,0.42,0.33999999999999997
0.37526315789473685,0.3326315789473684,0.44032667876588016,0.35263157894736846,0.3547368421052632,0.42052631578947364,0.4109022556390977,0.35052631578947374,0.583601108033241,0.4465789473684211,0.498421052631579,0.5907894736842105
0.28200000000000003,0.25,0.3270689655172414,0.29000000000000004,0.275,0.32499999999999996,0.2935714285714286,0.28,0.44657894736842096,0.905,0.33999999999999997,0.5075
0.484,0.42,0.5472413793103448,0.44,0.48,0.5,0.5742857142857142,0.42,0.49842105263157893,0.33999999999999997,1.0,0.5449999999999999
0.378,0.33,0.4391379310344828,0.345,0.365,0.43,0.4353571428571429,0.33999999999999997,0.5907894736842105,0.5075,0.5449999999999999,0.85
