1,2,3,4,5,6,7,8,9,10,11,12
27.240000000000006,3.2525693140742047,3.9006778257118335,3.6988955880679537,3.3300750742288083,3.1269565303753644,4.767076915828879,6.515788763786447,4.804873363129801,4.137766068268515,6.672176904343676,3.7697198171747455
3.2525693140742047,0.0,0.5,0.52,0.39,0.36,0.551543289325507,0.6931810730249348,0.5586143571373725,0.4313351365237939,0.72,0.46
3.9006778257118335,0.5,0.0,0.57,0.54,0.5,0.5374011537017761,0.8452336954949204,0.551543289325507,0.5303300858899106,0.8049999999999999,0.53
3.6988955880679537,0.52,0.57,0.0,0.43,0.39,0.6151828996322963,0.8362894235849212,0.6151828996322963,0.49497474683058323,0.845,0.51
3.3300750742288083,0.39,0.54,0.43,0.0,0.45,0.551543289325507,0.6529318494299386,0.5444722215136416,0.43133513652379396,0.68,0.47
3.1269565303753644,0.36,0.5,0.39,0.45,0.0,0.4808326112068523,0.702125344934934,0.49497474683058323,0.43840620433565947,0.67,0.45
4.767076915828878,0.551543289325507,0.5374011537017761,0.6151828996322963,0.551543289325507,0.4808326112068523,0.7599999999999999,1.185854122563142,1.2549999999999997,0.7599999999999999,1.4177490962790276,0.6293250352560272
6.515788763786448,0.6931810730249348,0.8452336954949204,0.8362894235849212,0.6529318494299386,0.702125344934934,1.185854122563142,2.6839999999999997,1.1795295672428052,1.5115687215604852,2.520048610642263,0.7781516561699269
4.804873363129801,0.5586143571373725,0.551543289325507,0.6151828996322963,0.5444722215136416,0.49497474683058323,1.2549999999999997,1.1795295672428054,0.7899999999999999,0.7499999999999999,1.347038418160373,0.6434671708797582
4.1377660682685145,0.4313351365237939,0.5303300858899106,0.49497474683058323,0.43133513652379396,0.43840620433565947,0.7599999999999999,1.5115687215604852,0.7499999999999999,0.7099999999999999,1.5945257915756648,0.5303300858899106
6.672176904343676,0.72,0.8049999999999999,0.845,0.6799999999999999,0.67,1.4177490962790278,2.5200486106422626,1.347038418160373,1.5945257915756645,2.015,0.845
3.7697198171747455,0.46,0.53,0.51,0.47,0.45,0.6293250352560272,0.7781516561699269,0.6434671708797582,0.5303300858899106,0.845,0.0
