1,2,3,4,5,6,7,8,9,10,11,12
0.49027680730986295,0.45786885245901643,0.42901639344262305,0.48786885245901646,0.460327868852459,0.47655737704918005,0.4514754098360656,0.4103278688524589,0.3339344262295082,0.44661202185792354,0.49409836065573765,0.44715846994535513
0.45786885245901643,1.0,0.62,0.55,0.445,0.5,0.44,0.39,0.25,0.37999999999999995,0.43,0.39333333333333337
0.42901639344262305,0.62,1.0,0.48,0.41,0.47,0.42,0.34,0.22,0.39,0.41,0.35333333333333333
0.48786885245901646,0.55,0.48,1.0,0.5449999999999999,0.6,0.51,0.48,0.3,0.41999999999999993,0.48,0.42333333333333334
0.46032786885245897,0.445,0.41,0.5449999999999999,0.85,0.49,0.445,0.435,0.28,0.4033333333333333,0.49,0.42666666666666664
0.47655737704918005,0.5,0.47,0.6,0.49,1.0,0.55,0.46,0.28,0.45999999999999996,0.47,0.3933333333333333
0.4514754098360656,0.44,0.42,0.51,0.445,0.55,1.0,0.39,0.26,0.39666666666666667,0.41,0.3733333333333333
0.4103278688524589,0.39,0.34,0.48,0.435,0.46,0.39,1.0,0.28,0.3833333333333333,0.38,0.3633333333333333
0.3339344262295082,0.25,0.22,0.3,0.28,0.28,0.26,0.28,1.0,0.2733333333333333,0.37,0.3133333333333333
0.4466120218579236,0.37999999999999995,0.38999999999999996,0.42,0.4033333333333333,0.46,0.39666666666666667,0.3833333333333333,0.2733333333333333,0.8044444444444443,0.4366666666666667,0.38333333333333325
0.49409836065573765,0.43,0.41,0.48,0.49,0.47,0.41,0.38,0.37,0.43666666666666665,1.0,0.6866666666666665
0.44715846994535513,0.39333333333333337,0.35333333333333333,0.42333333333333334,0.42666666666666664,0.39333333333333337,0.3733333333333333,0.3633333333333333,0.3133333333333333,0.3833333333333333,0.6866666666666666,0.7666666666666666
