1,2,3,4,5,6,7,8,9,10,11,12
27.72413793103447,3.3299311373225615,3.214381476406006,3.4415416052533274,7.222808700030848,5.754698530106837,6.502206919776254,3.7448594651592884,3.908886868626941,2.9373249030719912,2.6904688092957145,3.8433392898040792
3.3299311373225615,0.0,0.39,0.43,0.9391485505499116,0.6858935777509511,0.84870489570875,0.42,0.41012193308819755,0.35,0.26,0.43
3.214381476406006,0.39,0.0,0.48,0.8586501033599193,0.6576093065034891,0.9064399226277127,0.44,0.37476659402887014,0.33,0.24,0.43
3.4415416052533274,0.43,0.48,0.0,0.9257321426849129,0.7495331880577404,0.8948929172439201,0.48,0.37476659402887014,0.38,0.31,0.43
7.2228087000308525,0.9391485505499116,0.8586501033599193,0.9257321426849129,2.852,1.5526783311426742,1.7789903503579403,0.9436206865049113,0.7715957490810845,0.8854829190899167,0.6126826258349424,0.9078435988649146
5.754698530106835,0.6858935777509511,0.6576093065034891,0.7495331880577404,1.5526783311426742,0.6699999999999999,1.5513435037626795,0.8061017305526641,0.7999999999999998,0.6010407640085653,0.5161879502661797,0.8555992052357224
6.5022069197762535,0.84870489570875,0.9064399226277127,0.8948929172439201,1.7789903503579403,1.5513435037626795,1.5800000000000007,0.8371578903249575,0.8001666493091716,0.6119912853410033,0.49652123150307825,0.8660254037844387
3.7448594651592884,0.42,0.44,0.48,0.9436206865049113,0.8061017305526641,0.8371578903249575,0.0,0.5303300858899106,0.48,0.34,0.6
3.9088868686269427,0.41012193308819755,0.37476659402887014,0.37476659402887014,0.7715957490810845,0.7999999999999997,0.8001666493091715,0.5303300858899106,0.8099999999999999,0.3676955262170047,0.5161879502661797,0.5586143571373725
2.9373249030719912,0.35,0.33,0.38,0.8854829190899167,0.6010407640085653,0.6119912853410033,0.48,0.36769552621700463,0.0,0.27,0.42
2.6904688092957145,0.26,0.24,0.31,0.6126826258349424,0.5161879502661797,0.49652123150307825,0.34,0.5161879502661797,0.27,0.0,0.33
3.8433392898040792,0.43,0.43,0.43,0.9078435988649146,0.8555992052357224,0.8660254037844387,0.6,0.5586143571373725,0.42,0.33,0.0
