1,2,3,4,5,6,7,8,9,10,11,12
2.6879999999999997,1.3863621460498694,5.970139546685366,1.413194961779867,1.4176670977348664,1.1985324359398872,3.470943881507079,0.8139287438099234,3.6576128251835742,0.8917623001674828,1.0822569011098981,1.1953409555436472
1.3863621460498694,0.0,2.419610256446986,0.6,0.59,0.49,1.3603597213342402,0.3,1.4499074380619503,0.35355339059327373,0.42,0.4666904755831214
5.970139546685366,2.419610256446986,15.782758620689652,2.5310274593532163,2.499459251863118,2.857851254544828,9.494059589431949,2.443750650410003,10.335959500800001,2.490883031348937,2.9469850168698124,3.3443748449371338
1.413194961779867,0.6,2.5310274593532163,0.0,0.61,0.51,1.475282055356583,0.32,1.5370854169327635,0.41012193308819755,0.44,0.48790367901871773
1.4176670977348664,0.59,2.499459251863118,0.61,0.0,0.5,1.523389078900819,0.33,1.5462620462875862,0.3889087296526011,0.48,0.5161879502661797
1.1985324359398872,0.49,2.857851254544828,0.51,0.5,0.0,1.6409840253422858,0.39,1.8330317136257883,0.4596194077712558,0.5,0.6081118318204308
3.4709438815070794,1.3603597213342402,9.494059589431947,1.475282055356583,1.523389078900819,1.6409840253422858,6.700000000000001,1.55546042793031,6.701612980570677,1.5534339840679237,2.148780384975892,2.30369346299124
0.8139287438099234,0.3,2.443750650410003,0.32,0.33,0.39,1.55546042793031,0.0,1.5279087875779414,0.39597979746446654,0.42,0.4808326112068523
3.6576128251835742,1.4499074380619503,10.335959500800003,1.537085416932764,1.5462620462875862,1.8330317136257879,6.701612980570675,1.5279087875779414,10.088421052631576,2.75289751658904,2.1725669997542196,3.641870904385619
0.8917623001674829,0.35355339059327373,2.4908830313489374,0.41012193308819755,0.3889087296526011,0.4596194077712558,1.5534339840679239,0.3959797974644666,2.7528975165890404,0.8099999999999999,0.4808326112068523,1.015
1.0822569011098981,0.42,2.9469850168698124,0.44,0.48,0.5,2.148780384975892,0.42,2.1725669997542196,0.4808326112068523,0.0,0.7707463914933367
1.1953409555436472,0.4666904755831213,3.344374844937133,0.48790367901871773,0.5161879502661796,0.6081118318204308,2.3036934629912396,0.4808326112068523,3.6418709043856183,1.015,0.7707463914933367,0.6999999999999998
