1,2,3,4,5,6,7,8,9,10,11,12
20.089000000000002,2.7875477574384266,2.9551484734273505,2.910876586184994,2.9488239181070135,3.3931239293606716,3.3235538208369673,3.059503636212906,2.738532453705816,12.748791762870843,7.254208468192791,2.738532453705816
2.7875477574384266,0.0,0.6,0.56,0.59,0.49,0.46,0.45,0.31,1.5721986819903435,0.9525649584149104,0.34
2.9551484734273505,0.6,0.0,0.63,0.61,0.52,0.46,0.43,0.38,1.6535193034726028,0.9615092303249095,0.36
2.910876586184994,0.56,0.63,0.0,0.6,0.48,0.46,0.39,0.33,1.611816420661188,0.9704535022349087,0.39
2.9488239181070135,0.59,0.61,0.6,0.0,0.48,0.49,0.42,0.36,1.684796465581164,0.9972863179649062,0.35
3.3931239293606716,0.49,0.52,0.48,0.48,0.0,0.56,0.56,0.51,2.005908663229059,1.118033988749895,0.44
3.3235538208369673,0.46,0.46,0.46,0.49,0.56,0.0,0.52,0.39,1.9579503479959324,1.1403946685248927,0.48
3.059503636212906,0.45,0.43,0.39,0.42,0.56,0.52,0.0,0.34,1.8140754022965504,1.0554240853799006,0.41
2.738532453705816,0.31,0.38,0.33,0.36,0.51,0.39,0.34,0.0,1.4596008983995234,0.8899550550449162,0.31
12.748791762870843,1.5721986819903433,1.6535193034726028,1.6118164206611882,1.6847964655811645,2.005908663229059,1.9579503479959324,1.8140754022965504,1.4596008983995234,11.463478260869564,5.485925786877766,1.7327547808142918
7.2542084681927905,0.9525649584149104,0.9615092303249095,0.9704535022349087,0.9972863179649062,1.118033988749895,1.1403946685248927,1.0554240853799006,0.8899550550449162,5.4859257868777656,2.468,0.9615092303249095
2.738532453705816,0.34,0.36,0.39,0.35,0.44,0.48,0.41,0.31,1.7327547808142914,0.9615092303249095,0.0
