1,2,3,4,5,6,7,8,9,10,11,12
17.93542857142857,2.898879093718812,2.6909711470555977,13.745852393706134,2.936065880926867,2.3444579026169055,3.414423189103206,1.6159349350409236,1.9590675624607012,4.610151944608872,2.5134887535626076,3.3167593909029414
2.898879093718812,0.0,0.39,2.0575043470017347,0.44,0.33,0.54,0.25,0.3,0.7505553499465136,0.39,0.4879036790187178
2.6909711470555977,0.39,0.0,2.0946434146371447,0.51,0.36,0.53,0.24,0.29,0.6812733176437584,0.33,0.5020458146424487
13.745852393706139,2.0575043470017347,2.0946434146371447,15.16206896551724,2.1540659228538015,2.3936129091021985,2.7111519373849577,2.0556473936199646,2.451178463937085,4.393517167765284,3.134537308428635,3.4533591842107043
2.936065880926867,0.44,0.51,2.1540659228538015,0.0,0.38,0.56,0.26,0.32,0.6697263122599659,0.39,0.5161879502661797
2.3444579026169055,0.33,0.36,2.3936129091021985,0.38,0.0,0.49,0.27,0.33,0.6466323014923809,0.42,0.6929646455628166
3.414423189103206,0.54,0.53,2.7111519373849577,0.56,0.49,0.0,0.3,0.36,0.8833459118601275,0.51,0.685893577750951
1.6159349350409236,0.25,0.24,2.0556473936199646,0.26,0.27,0.3,0.0,0.81,0.4965212315030782,0.42,0.43133513652379396
1.9590675624607012,0.3,0.29,2.451178463937085,0.32,0.33,0.36,0.81,0.0,0.6235382907247959,0.5,0.5091168824543142
4.610151944608872,0.7505553499465135,0.6812733176437585,4.3935171677652844,0.6697263122599659,0.6466323014923809,0.8833459118601275,0.4965212315030782,0.6235382907247958,1.1333333333333335,0.8371578903249576,0.9144761706390532
2.5134887535626076,0.39,0.33,3.134537308428635,0.39,0.42,0.51,0.42,0.5,0.8371578903249575,0.0,0.5868986283848344
3.3167593909029414,0.48790367901871773,0.5020458146424487,3.4533591842107025,0.5161879502661797,0.6929646455628166,0.685893577750951,0.43133513652379396,0.5091168824543142,0.9144761706390532,0.5868986283848344,0.5999999999999999
