1,2,3,4,5,6,7,8,9,10,11,12
29.274754098360653,3.4096221126130195,3.445472438994229,3.8411063979868785,3.549182311739877,5.445843103122339,5.708278787980794,3.147146508750583,5.333460799364766,3.2931085518740844,4.00711211984187,3.2892674454760984
3.4096221126130195,0.0,0.59,0.47,0.44,0.5715767664977296,0.5939696961966998,0.32,0.6222539674441617,0.34,0.3889087296526011,0.34
3.445472438994229,0.59,0.0,0.49,0.42,0.6350852961085884,0.6151828996322963,0.33,0.6717514421272202,0.33,0.3889087296526011,0.32
3.8411063979868785,0.47,0.49,0.0,0.52,0.6985938257194473,0.7636753236814712,0.48,0.7848885271170677,0.42,0.45254833995939037,0.36
3.549182311739877,0.44,0.42,0.52,0.0,0.6177647880328996,0.7636753236814712,0.36,0.7424621202458748,0.41,0.37476659402887014,0.33
5.445843103122338,0.5715767664977296,0.6350852961085884,0.6985938257194473,0.6177647880328996,1.446666666666667,1.0900229355385143,0.8198373822492686,0.9675484483993554,0.5542562584220408,0.5388877434122992,0.5311622476544559
5.708278787980792,0.5939696961966998,0.6151828996322963,0.7636753236814712,0.7636753236814712,1.0900229355385143,0.6299999999999999,0.6576093065034891,1.0349999999999997,0.7636753236814713,0.6399999999999999,0.5868986283848344
3.147146508750583,0.32,0.33,0.48,0.36,0.8198373822492686,0.6576093065034891,0.0,0.565685424949238,0.36,0.39597979746446654,0.32
5.333460799364762,0.6222539674441617,0.67175144212722,0.7848885271170677,0.7424621202458749,0.9675484483993554,1.0349999999999997,0.5656854249492379,0.6899999999999998,0.5727564927611034,0.6099999999999999,0.48790367901871773
3.2931085518740844,0.34,0.33,0.42,0.41,0.5542562584220408,0.7636753236814713,0.36,0.5727564927611035,0.0,0.42426406871192845,0.41
4.007112119841871,0.3889087296526011,0.3889087296526011,0.45254833995939037,0.37476659402887014,0.5388877434122992,0.6399999999999999,0.3959797974644666,0.6099999999999999,0.4242640687119285,0.8099999999999999,0.7212489168102785
3.2892674454760984,0.34,0.32,0.36,0.33,0.5311622476544559,0.5868986283848344,0.32,0.4879036790187178,0.41,0.7212489168102785,0.0
