1,2,3,4,5,6,7,8,9,10,11,12
0.5130589849108368,0.43148148148148163,0.4555555555555555,0.45333333333333337,0.4448148148148149,0.47611111111111126,0.4275925925925924,0.292037037037037,0.35333333333333333,0.432991452991453,0.43074074074074087,0.31500000000000006
0.43148148148148163,1.0,0.6,0.59,0.6,0.38,0.34,0.22,0.28,0.3261538461538462,0.32,0.23
0.4555555555555555,0.6,1.0,0.61,0.58,0.38,0.36,0.26,0.32,0.34384615384615386,0.32,0.26
0.45333333333333337,0.59,0.61,1.0,0.57,0.41,0.35,0.25,0.3,0.36,0.38,0.24
0.4448148148148149,0.6,0.58,0.57,1.0,0.41,0.34,0.22,0.27,0.3530769230769231,0.37,0.21
0.47611111111111126,0.38,0.38,0.41,0.41,1.0,0.38,0.29,0.36,0.5100000000000001,0.76,0.35
0.4275925925925924,0.34,0.36,0.35,0.34,0.38,1.0,0.28,0.31,0.36615384615384616,0.36,0.29
0.292037037037037,0.22,0.26,0.25,0.22,0.29,0.28,1.0,0.81,0.45923076923076933,0.25,0.33
0.35333333333333333,0.28,0.32,0.3,0.27,0.36,0.31,0.81,1.0,0.5438461538461539,0.3,0.4
0.43299145299145303,0.32615384615384624,0.34384615384615386,0.36,0.3530769230769231,0.51,0.36615384615384616,0.4592307692307692,0.543846153846154,0.6933727810650887,0.4507692307692308,0.48692307692307696
0.43074074074074087,0.32,0.32,0.38,0.37,0.76,0.36,0.25,0.3,0.4507692307692308,1.0,0.28
0.31500000000000006,0.23,0.26,0.24,0.21,0.35,0.29,0.33,0.4,0.48692307692307696,0.28,1.0
