1,2,3,4,5,6,7,8,9,10,11,12
21.695111111111114,3.0559595692497137,8.765939930044173,3.1140973366647082,4.951394042384727,2.7041515407897467,3.5300059804796673,3.5106267246746703,9.75690571206231,5.108895365130495,3.1767072400347014,3.321306302579687
3.0559595692497137,0.0,1.251062405660542,0.43,0.6466323014923809,0.32,0.5,0.53,1.2239825706820069,0.6062177826491071,0.39,0.37
8.765939930044173,1.251062405660542,3.5399999999999996,1.2964181424216492,2.1058026407773265,1.3039774318818336,1.5874507866387542,1.557213628798016,3.921375487540783,1.9094065395649338,1.19814737943925,1.1792491557887887
3.1140973366647082,0.43,1.2964181424216492,0.0,0.7043673284113435,0.36,0.5,0.56,1.29615135433071,0.7043673284113435,0.43,0.4
4.9513940423847265,0.6466323014923809,2.1058026407773265,0.7043673284113435,1.1733333333333336,0.6639528095680698,0.8429313930168537,0.7736493607140986,2.876666666666668,1.3966666666666672,0.692820323027551,0.825610884941165
2.7041515407897467,0.32,1.3039774318818336,0.36,0.6639528095680698,0.0,0.49,0.41,1.2470765814495919,0.6004442799572108,0.41,0.37
3.5300059804796673,0.5,1.5874507866387542,0.5,0.8429313930168537,0.49,0.0,0.61,1.7089567968012926,0.8198373822492687,0.46,0.52
3.5106267246746703,0.53,1.557213628798016,0.56,0.7736493607140986,0.41,0.61,0.0,1.5039974512389755,0.7274613391789286,0.46,0.47
9.756905712062308,1.2239825706820067,3.9213754875407836,1.29615135433071,2.876666666666668,1.2470765814495919,1.7089567968012926,1.5039974512389755,5.725000000000002,2.8800000000000003,1.3538863812496726,1.8965956342879209
5.108895365130497,0.6062177826491071,1.9094065395649333,0.7043673284113435,1.3966666666666672,0.6004442799572108,0.8198373822492687,0.7274613391789286,2.880000000000001,1.2000000000000004,0.7216878364870324,1.0219099764656379
3.1767072400347014,0.39,1.19814737943925,0.43,0.692820323027551,0.41,0.46,0.46,1.3538863812496726,0.7216878364870324,0.0,0.51
3.321306302579687,0.37,1.1792491557887887,0.4,0.825610884941165,0.37,0.52,0.47,1.8965956342879209,1.0219099764656379,0.51,0.0
