1,2,3,4,5,6,7,8,9,10,11,12
0.5043358024691358,0.4555555555555555,0.4939047619047619,0.46422222222222226,0.42614814814814805,0.4031111111111112,0.5262222222222223,0.5233333333333333,0.4198703703703704,0.43970370370370376,0.47355555555555556,0.4951111111111111
0.4555555555555555,1.0,0.47285714285714286,0.43,0.3733333333333333,0.32,0.5,0.53,0.3533333333333333,0.35,0.39,0.37
0.4939047619047619,0.47285714285714286,0.6485714285714285,0.49000000000000005,0.45952380952380945,0.49285714285714277,0.6,0.5885714285714285,0.4278571428571428,0.41666666666666663,0.4528571428571428,0.4457142857142856
0.46422222222222226,0.43,0.49000000000000005,1.0,0.4066666666666667,0.36,0.5,0.56,0.37416666666666665,0.4066666666666667,0.43,0.4
0.42614814814814816,0.3733333333333333,0.45952380952380945,0.4066666666666667,0.7244444444444443,0.38333333333333336,0.4866666666666667,0.44666666666666666,0.47944444444444445,0.46555555555555556,0.39999999999999997,0.4766666666666666
0.4031111111111112,0.32,0.49285714285714277,0.36,0.38333333333333336,1.0,0.49,0.41,0.36,0.3466666666666666,0.41,0.37
0.5262222222222223,0.5,0.6,0.5,0.4866666666666667,0.49,1.0,0.61,0.49333333333333335,0.4733333333333333,0.46,0.52
0.5233333333333333,0.53,0.5885714285714285,0.56,0.44666666666666666,0.41,0.61,1.0,0.43416666666666665,0.42,0.46,0.47
0.4198703703703703,0.3533333333333333,0.42785714285714277,0.37416666666666665,0.4794444444444444,0.36,0.49333333333333323,0.43416666666666665,0.5604166666666666,0.4799999999999999,0.39083333333333325,0.5474999999999999
0.4397037037037037,0.35,0.41666666666666663,0.4066666666666667,0.4655555555555555,0.3466666666666666,0.4733333333333333,0.42,0.48,0.7333333333333333,0.41666666666666663,0.59
0.47355555555555556,0.39,0.4528571428571428,0.43,0.39999999999999997,0.41,0.46,0.46,0.39083333333333325,0.41666666666666663,1.0,0.51
0.4951111111111111,0.37,0.4457142857142856,0.4,0.4766666666666666,0.37,0.52,0.47,0.5475,0.59,0.51,1.0
