1,2,3,4,5,6,7,8,9,10,11,12
26.945517241379314,3.3535662952373118,3.3968974180810214,4.5662483657737045,7.241549772213698,5.5467197513485385,3.6096138393137718,3.0686313359317157,4.08494312626597,6.27174511452827,3.002978119501854,4.422334478686491
3.3535662952373118,0.0,0.42,0.5303300858899106,0.7849999999999999,0.6929646455628165,0.46,0.33,0.54,0.7563288526384098,0.35,0.43133513652379396
3.3968974180810214,0.42,0.0,0.6010407640085653,0.87,0.7919595949289332,0.55,0.41,0.6,0.7851963660978911,0.36,0.4596194077712559
4.566248365773705,0.5303300858899106,0.6010407640085653,0.6199999999999999,1.4177490962790278,0.9049999999999999,0.565685424949238,0.6788225099390855,0.6717514421272202,1.1104353500617075,0.551543289325507,0.73
7.2415497722137,0.7849999999999999,0.87,1.4177490962790276,1.8450000000000002,1.4707821048680187,0.9249999999999999,1.16,1.115,1.8128798452554253,0.815,1.2833988078535836
5.546719751348538,0.6929646455628165,0.7919595949289332,0.9049999999999999,1.4707821048680187,0.7099999999999999,0.8131727983645295,0.6505382386916236,0.8909545442950498,1.2124974226776732,0.5727564927611034,0.7449999999999999
3.6096138393137718,0.46,0.55,0.565685424949238,0.9249999999999999,0.8131727983645295,0.0,0.4,0.62,0.84870489570875,0.45,0.4949747468305832
3.0686313359317157,0.33,0.41,0.6788225099390855,1.16,0.6505382386916236,0.4,0.0,0.49,0.6581793068761734,0.29,0.5727564927611035
4.08494312626597,0.54,0.6,0.6717514421272202,1.115,0.8909545442950498,0.62,0.49,0.0,0.917986928011505,0.41,0.5586143571373725
6.271745114528266,0.7563288526384099,0.7851963660978911,1.1104353500617075,1.8128798452554253,1.2124974226776732,0.84870489570875,0.6581793068761734,0.917986928011505,1.4933333333333336,1.160474041071148,0.9757134142086327
3.002978119501854,0.35,0.36,0.551543289325507,0.815,0.5727564927611034,0.45,0.29,0.41,1.160474041071148,0.0,0.48083261120685233
4.42233447868649,0.43133513652379396,0.4596194077712559,0.7299999999999999,1.2833988078535836,0.7449999999999999,0.4949747468305832,0.5727564927611034,0.5586143571373725,0.9757134142086327,0.48083261120685233,0.8299999999999998
