1,2,3,4,5,6,7,8,9,10,11,12
0.48159737969261773,0.422857142857143,0.44984126984126993,0.5267460317460316,0.44119047619047613,0.4152380952380953,0.492063492063492,0.45349206349206345,0.46301587301587294,0.4888888888888888,0.3277777777777778,0.40492063492063496
0.422857142857143,1.0,0.48,0.495,0.39,0.36,0.41500000000000004,0.36,0.37,0.38,0.24,0.31
0.44984126984126993,0.48,1.0,0.565,0.41000000000000003,0.41,0.45499999999999996,0.39,0.37,0.44,0.31,0.33
0.5267460317460316,0.495,0.565,0.865,0.605,0.46499999999999997,0.5549999999999999,0.51,0.5349999999999999,0.58,0.38,0.42000000000000004
0.4411904761904761,0.39,0.41000000000000003,0.605,0.88,0.39,0.5075000000000001,0.505,0.5449999999999999,0.535,0.315,0.39
0.4152380952380953,0.36,0.41,0.46499999999999997,0.39,1.0,0.48,0.37,0.34,0.42,0.3,0.41
0.4920634920634919,0.41500000000000004,0.45499999999999996,0.5549999999999999,0.5075000000000001,0.48,0.8200000000000001,0.6499999999999999,0.63,0.6399999999999999,0.58,0.515
0.45349206349206345,0.36,0.39,0.51,0.505,0.37,0.6499999999999999,1.0,0.75,0.74,0.51,0.55
0.46301587301587294,0.37,0.37,0.5349999999999999,0.5449999999999999,0.34,0.63,0.75,1.0,0.72,0.49,0.54
0.4888888888888888,0.38,0.44,0.58,0.535,0.42,0.6399999999999999,0.74,0.72,1.0,0.49,0.54
0.3277777777777778,0.24,0.31,0.38,0.315,0.3,0.58,0.51,0.49,0.49,1.0,0.39
0.40492063492063496,0.31,0.33,0.42000000000000004,0.39,0.41,0.515,0.55,0.54,0.54,0.39,1.0
