1,2,3,4,5,6,7,8,9,10,11,12
3.413333333333334,7.9158597271632996,1.5472610208580406,1.5431785379534024,1.5635909524765954,2.4903118947901555,1.2900645978658072,2.000416623272929,1.365433386633465,0.9103936877344146,1.1022703842524304,0.8736513415926669
7.9158597271632996,25.9433962264151,2.9889658715234733,2.9381424628624573,3.0013283222788547,7.203224539994911,3.5411553385972026,5.717633474364181,4.496082256851777,2.858473335772218,3.380443478777238,3.2499509430259814
1.5472610208580406,2.9889658715234733,0.0,0.6,0.59,0.9033714629099151,0.47,0.715,0.5020458146424487,0.32,0.4,0.3
1.5431785379534024,2.9381424628624573,0.6,0.0,0.6,0.9391485505499116,0.46,0.755,0.4737615433949868,0.32,0.41,0.31
1.5635909524765954,3.0013283222788547,0.59,0.6,0.0,0.9346764145949121,0.49,0.7799999999999999,0.5303300858899106,0.33,0.44,0.33
2.490311894790156,7.2032245399949115,0.9033714629099151,0.9391485505499116,0.9346764145949121,2.6559999999999997,1.095673308974897,2.9851507499622194,1.4293495023961074,1.135922532569893,0.9346764145949121,0.8452336954949204
1.2900645978658072,3.5411553385972026,0.47,0.46,0.49,1.095673308974897,0.0,0.875,0.5939696961966998,0.48,0.48,0.42
2.0004166232729292,5.71763347436418,0.715,0.755,0.7799999999999999,2.9851507499622194,0.875,2.205,1.1667261889578033,0.945,0.7850000000000001,0.665
1.3654333866334651,4.496082256851775,0.5020458146424487,0.4737615433949868,0.5303300858899106,1.4293495023961071,0.5939696961966998,1.1667261889578031,0.6199999999999999,0.5303300858899106,0.5868986283848343,0.6222539674441618
0.9103936877344146,2.858473335772218,0.32,0.32,0.33,1.135922532569893,0.48,0.945,0.5303300858899106,0.0,0.41,0.38
1.1022703842524304,3.380443478777238,0.4,0.41,0.44,0.9346764145949121,0.48,0.7850000000000001,0.5868986283848343,0.41,0.0,0.34
0.8736513415926669,3.2499509430259814,0.3,0.31,0.33,0.8452336954949204,0.42,0.665,0.6222539674441618,0.38,0.34,0.0
