1,2,3,4,5,6,7,8,9,10,11,12
27.7277966101695,3.3497606795365997,9.951579820314807,3.6934594045259743,3.116722528880925,3.6895537371965488,2.435834524451215,2.9474769446058526,3.546345935117642,4.422440464383547,3.699968850075015,3.439591028113367
3.3497606795365997,0.0,1.111215550647128,0.45,0.28,0.4,0.26,0.29,0.41,0.46669047558312127,0.38,0.35
9.951579820314807,1.111215550647128,3.4714285714285706,1.3455535239128489,1.292638497691557,1.4287057079748788,0.8504200642707611,0.9978262087443599,1.1792491557887887,1.8387573443574796,1.5194171814970934,1.1036562611869434
3.6934594045259743,0.45,1.3455535239128489,0.0,0.4,0.43,0.28,0.34,0.49,0.5444722215136415,0.47,0.38
3.116722528880925,0.28,1.292638497691557,0.4,0.0,0.54,0.27,0.33,0.34,0.6929646455628166,0.57,0.37
3.6895537371965488,0.4,1.4287057079748788,0.43,0.54,0.0,0.34,0.41,0.43,0.7424621202458749,0.6,0.41
2.435834524451215,0.26,0.8504200642707611,0.28,0.27,0.34,0.0,0.81,0.3,0.43133513652379396,0.37,0.45
2.9474769446058526,0.29,0.9978262087443599,0.34,0.33,0.41,0.81,0.0,0.38,0.5091168824543142,0.42,0.52
3.546345935117642,0.41,1.1792491557887887,0.49,0.34,0.43,0.3,0.38,0.0,0.4949747468305833,0.43,0.44
4.422440464383546,0.4666904755831213,1.8387573443574796,0.5444722215136415,0.6929646455628166,0.7424621202458749,0.43133513652379396,0.5091168824543142,0.49497474683058323,0.5999999999999999,0.9333809511662428,0.565685424949238
3.699968850075015,0.38,1.5194171814970934,0.47,0.57,0.6,0.37,0.42,0.43,0.9333809511662428,0.0,0.44
3.439591028113367,0.35,1.1036562611869434,0.38,0.37,0.41,0.45,0.52,0.44,0.565685424949238,0.44,0.0
