1,2,3,4,5,6,7,8,9,10,11,12
0.49365041617122485,0.44551724137931026,0.5027586206896552,0.4020689655172413,0.4,0.5215517241379309,0.48011494252873566,0.5468965517241379,0.3544827586206897,0.46086206896551735,0.4633189655172414,0.43224137931034495
0.44551724137931026,1.0,0.48,0.3666666666666667,0.33,0.43,0.4666666666666666,0.54,0.275,0.44,0.355,0.33
0.5027586206896552,0.48,1.0,0.5166666666666666,0.5,0.59,0.5533333333333332,0.62,0.33499999999999996,0.44,0.3875,0.4
0.4020689655172413,0.3666666666666667,0.5166666666666666,0.8155555555555555,0.4733333333333333,0.5033333333333333,0.41000000000000003,0.45999999999999996,0.22000000000000003,0.3866666666666667,0.3025,0.32666666666666666
0.4,0.33,0.5,0.4733333333333333,1.0,0.7,0.41,0.46,0.28,0.41,0.3175,0.38
0.5215517241379309,0.43,0.59,0.5033333333333333,0.7,1.0,0.5466666666666666,0.64,0.33999999999999997,0.47,0.44,0.49
0.48011494252873554,0.4666666666666666,0.5533333333333332,0.41000000000000003,0.41,0.5466666666666666,0.8355555555555555,0.58,0.31499999999999995,0.43000000000000005,0.39749999999999996,0.4066666666666667
0.5468965517241379,0.54,0.62,0.45999999999999996,0.46,0.64,0.58,1.0,0.32999999999999996,0.5,0.45999999999999996,0.49
0.35448275862068973,0.275,0.33499999999999996,0.21999999999999997,0.28,0.33999999999999997,0.31499999999999995,0.32999999999999996,0.905,0.33999999999999997,0.46499999999999997,0.33999999999999997
0.46086206896551735,0.44,0.44,0.3866666666666667,0.41,0.47,0.43000000000000005,0.5,0.33999999999999997,1.0,0.455,0.34
0.4633189655172414,0.355,0.38749999999999996,0.3025,0.3175,0.43999999999999995,0.39749999999999996,0.45999999999999996,0.46499999999999997,0.455,0.7587499999999999,0.4
0.43224137931034495,0.33,0.4,0.32666666666666666,0.38,0.49,0.4066666666666667,0.49,0.33999999999999997,0.34,0.4,1.0
