1,2,3,4,5,6,7,8,9,10,11,12
29.695555555555554,3.656176335575925,3.324827480904502,3.798542953742734,3.5679846252071035,6.4054224713938295,5.077072725529687,3.309708901984133,3.0791505734485045,3.46719409907131,3.865316677307696,3.3500251124384497
3.656176335575925,0.0,0.41,0.54,0.44,0.7851963660978912,0.551543289325507,0.34,0.36,0.31,0.46,0.3
3.324827480904502,0.41,0.0,0.52,0.48,0.7967433714816836,0.551543289325507,0.36,0.33,0.31,0.46,0.32
3.798542953742734,0.54,0.52,0.0,0.49,0.8660254037844388,0.6151828996322963,0.39,0.36,0.4,0.51,0.37
3.5679846252071035,0.44,0.48,0.49,0.0,0.8487048957087501,0.5798275605729689,0.41,0.38,0.31,0.49,0.32
6.405422471393829,0.7851963660978912,0.7967433714816836,0.8660254037844388,0.8487048957087501,1.4800000000000004,1.0859404526338756,0.739008344562721,0.6177647880328997,0.6293117934166922,0.8891194145520238,0.5600297611139371
5.077072725529686,0.551543289325507,0.551543289325507,0.6151828996322963,0.5798275605729689,1.0859404526338756,0.7599999999999999,0.551543289325507,0.5374011537017761,0.6293250352560272,0.6293250352560272,0.551543289325507
3.309708901984133,0.34,0.36,0.39,0.41,0.739008344562721,0.551543289325507,0.0,0.38,0.34,0.49,0.4
3.0791505734485045,0.36,0.33,0.36,0.38,0.6177647880328997,0.5374011537017761,0.38,0.0,0.3,0.33,0.3
3.46719409907131,0.31,0.31,0.4,0.31,0.6293117934166922,0.6293250352560272,0.34,0.3,0.0,0.41,0.57
3.865316677307696,0.46,0.46,0.51,0.49,0.8891194145520238,0.6293250352560272,0.49,0.33,0.41,0.0,0.35
3.3500251124384497,0.3,0.32,0.37,0.32,0.5600297611139371,0.551543289325507,0.4,0.3,0.57,0.35,0.0
