1,2,3,4,5,6,7,8,9,10,11,12
0.5468408163265307,0.4891428571428572,0.46314285714285713,0.5245714285714287,0.5385714285714285,0.46108571428571427,0.43536054421768705,0.48914285714285716,0.4502857142857142,0.530857142857143,0.41742857142857137,0.40166666666666667
0.4891428571428572,1.0,0.41,0.49,0.47,0.35800000000000004,0.370952380952381,0.385,0.36,0.49,0.34,0.3333333333333333
0.46314285714285713,0.41,1.0,0.52,0.48,0.37400000000000005,0.3685714285714285,0.42,0.39,0.5,0.35,0.33999999999999997
0.5245714285714287,0.49,0.52,1.0,0.58,0.41200000000000003,0.43000000000000005,0.445,0.435,0.51,0.39,0.4
0.5385714285714285,0.47,0.48,0.58,1.0,0.432,0.43238095238095237,0.5449999999999999,0.41500000000000004,0.53,0.38,0.3883333333333333
0.4610857142857143,0.35800000000000004,0.37400000000000005,0.41200000000000003,0.432,0.7568000000000001,0.35866666666666663,0.494,0.37300000000000005,0.43800000000000006,0.35200000000000004,0.32633333333333336
0.4353605442176871,0.370952380952381,0.3685714285714285,0.43000000000000005,0.43238095238095237,0.35866666666666663,0.5665306122448979,0.4185714285714285,0.4602380952380952,0.4371428571428572,0.39000000000000007,0.5251587301587302
0.48914285714285727,0.385,0.42,0.445,0.5449999999999999,0.49399999999999994,0.4185714285714285,0.85,0.39749999999999996,0.495,0.365,0.38
0.4502857142857143,0.36,0.39,0.435,0.41500000000000004,0.37300000000000005,0.46023809523809517,0.39749999999999996,0.88,0.475,0.5549999999999999,0.4641666666666666
0.530857142857143,0.49,0.5,0.51,0.53,0.43800000000000006,0.4371428571428572,0.495,0.475,1.0,0.43,0.39
0.41742857142857137,0.34,0.35,0.39,0.38,0.35200000000000004,0.39000000000000007,0.365,0.5549999999999999,0.43,1.0,0.39166666666666666
0.40166666666666667,0.3333333333333333,0.33999999999999997,0.4,0.3883333333333333,0.3263333333333333,0.5251587301587302,0.38,0.46416666666666667,0.39000000000000007,0.39166666666666666,0.6816666666666666
