1,2,3,4,5,6,7,8,9,10,11,12
3.8285714285714287,7.303550971577117,1.719738352191984,3.0357142857142847,2.329245126031791,2.9959985218382768,1.266180984580911,1.2586216951207265,1.9617788332215715,1.084758037536482,0.7899457485892848,0.8353014853503922
7.303550971577117,19.956585365853662,2.80644250113825,7.593379107602686,5.813035351690199,8.690408944460048,3.242167296807462,3.1687656287198163,5.1494352835857065,3.4982922663047753,2.8408007287537447,2.7908251249493894
1.719738352191984,2.80644250113825,0.0,1.2019270241693425,0.8988993269549155,1.1808683245815343,0.51,0.48,0.7447818472546173,0.38,0.3,0.31
3.0357142857142856,7.5933791076026855,1.2019270241693425,3.3771428571428563,3.42963596568832,3.4490063268798363,1.500518957846632,1.2888588529614649,2.0250620213900095,1.1036562611869436,0.8882165115716838,0.9297926036026989
2.3292451260317915,5.813035351690198,0.8988993269549155,3.42963596568832,2.904,2.6009733754884916,1.0151748617849043,1.0017584539199058,1.6395629498944735,0.8854829190899167,0.7244860247099318,0.7423745685299301
2.995998521838277,8.690408944460046,1.1808683245815343,3.449006326879836,2.600973375488492,4.3774999999999995,1.3399673503485074,1.3717871555019021,2.1841283539816674,1.3894648250315655,1.2586500705120545,1.2586500705120545
1.266180984580911,3.242167296807462,0.51,1.500518957846632,1.0151748617849043,1.3399673503485074,0.0,0.55,0.7851963660978911,0.47,0.36,0.36
1.2586216951207265,3.1687656287198163,0.48,1.2888588529614649,1.0017584539199058,1.3717871555019021,0.55,0.0,0.7851963660978911,0.48,0.34,0.33
1.9617788332215715,5.149435283585706,0.7447818472546173,2.0250620213900095,1.6395629498944733,2.1841283539816674,0.7851963660978911,0.7851963660978911,1.1333333333333335,0.8775724091682313,0.6235382907247958,0.6350852961085884
1.084758037536482,3.4982922663047753,0.38,1.1036562611869436,0.8854829190899167,1.3894648250315655,0.47,0.48,0.8775724091682313,0.0,0.55,0.54
0.7899457485892848,2.8408007287537447,0.3,0.8882165115716838,0.7244860247099318,1.2586500705120545,0.36,0.34,0.6235382907247959,0.55,0.0,0.83
0.8353014853503922,2.7908251249493894,0.31,0.9297926036026989,0.7423745685299301,1.2586500705120545,0.36,0.33,0.6350852961085884,0.54,0.83,0.0
