1,2,3,4,5,6,7,8,9,10,11,12
0.5119330013580808,0.45489361702127656,0.46042553191489355,0.4497485493230174,0.4874468085106383,0.4693191489361703,0.42872340425531913,0.46599999999999997,0.3474468085106383,0.4370212765957447,0.41212765957446823,0.41170212765957453
0.45489361702127656,1.0,0.6,0.38454545454545447,0.44499999999999995,0.38000000000000006,0.28,0.35000000000000003,0.24,0.31,0.28,0.29
0.46042553191489355,0.6,1.0,0.3927272727272727,0.46499999999999997,0.414,0.33,0.35800000000000004,0.24,0.33,0.29,0.32
0.44974854932301744,0.38454545454545447,0.3927272727272727,0.6051239669421488,0.4481818181818181,0.42763636363636365,0.4090909090909091,0.3734545454545455,0.2981818181818182,0.39999999999999997,0.34545454545454546,0.3545454545454545
0.4874468085106383,0.44499999999999995,0.46499999999999997,0.44818181818181824,0.865,0.43500000000000005,0.385,0.401,0.265,0.39,0.34,0.33999999999999997
0.46931914893617016,0.38000000000000006,0.414,0.4276363636363637,0.43500000000000005,0.7488000000000001,0.37600000000000006,0.4784,0.32400000000000007,0.38600000000000007,0.39000000000000007,0.39200000000000007
0.42872340425531913,0.28,0.33,0.4090909090909091,0.385,0.37600000000000006,1.0,0.37800000000000006,0.3,0.53,0.4,0.41
0.4659999999999999,0.35000000000000003,0.35800000000000004,0.3734545454545455,0.401,0.47840000000000005,0.37800000000000006,0.7392000000000001,0.4680000000000001,0.41000000000000003,0.5700000000000001,0.534
0.3474468085106383,0.24,0.24,0.2981818181818182,0.265,0.32400000000000007,0.3,0.4680000000000001,1.0,0.26,0.4,0.39
0.4370212765957447,0.31,0.33,0.39999999999999997,0.39,0.38600000000000007,0.53,0.41000000000000003,0.26,1.0,0.42,0.43
0.41212765957446823,0.28,0.29,0.34545454545454546,0.34,0.39000000000000007,0.4,0.5700000000000001,0.4,0.42,1.0,0.83
0.41170212765957453,0.29,0.32,0.3545454545454545,0.33999999999999997,0.39200000000000007,0.41,0.534,0.39,0.43,0.83,1.0
