1,2,3,4,5,6,7,8,9,10,11,12
20.594146341463414,2.9220110849358187,2.9360667235057942,8.71177504244938,3.2093708068108544,10.091035716380569,6.4406059402861136,4.69113122765948,3.24447823607899,2.879844169225895,2.234846532625953,3.190629955384222
2.9220110849358187,0.0,0.63,1.334481172591056,0.51,1.24996333279554,0.96,0.6151828996322963,0.41012193308819755,0.32,0.26,0.41
2.9360667235057942,0.63,0.0,1.242775120446173,0.51,1.1575872897252,0.945,0.5868986283848344,0.3889087296526011,0.32,0.24,0.44
8.71177504244938,1.334481172591056,1.242775120446173,5.766,1.3945644481342552,4.327921075219988,2.9140388638451618,1.9878644319973129,1.1649914162773904,0.9866306299725344,0.8727886342064728,1.5210555545409905
3.2093708068108544,0.51,0.51,1.3945644481342552,0.0,1.472243186433546,1.0999999999999999,0.6858935777509511,0.4596194077712558,0.4,0.29,0.51
10.09103571638057,1.24996333279554,1.1575872897252,4.327921075219988,1.472243186433546,5.958333333333336,2.8968549756589477,2.786294582415865,2.000416623272929,1.6194675050769,1.3394526245199323,1.5790529862336269
6.440605940286115,0.96,0.945,2.9140388638451613,1.0999999999999999,2.896854975658948,2.25,1.3399673503485074,0.8944900782009825,0.77,0.56,1.07
4.691131227659482,0.6151828996322963,0.5868986283848344,1.9878644319973127,0.6858935777509511,2.786294582415865,1.3399673503485074,0.7899999999999999,0.7799999999999998,0.6293250352560272,0.5586143571373725,0.7495331880577404
3.244478236078992,0.41012193308819755,0.3889087296526011,1.1649914162773902,0.4596194077712558,2.000416623272929,0.8944900782009825,0.7799999999999998,0.8099999999999999,0.6646803743153546,0.5161879502661797,0.4242640687119285
2.879844169225895,0.32,0.32,0.9866306299725344,0.4,1.6194675050769,0.77,0.6293250352560272,0.6646803743153546,0.0,0.46,0.41
2.234846532625953,0.26,0.24,0.8727886342064728,0.29,1.3394526245199323,0.56,0.5586143571373725,0.5161879502661797,0.46,0.0,0.33
3.190629955384222,0.41,0.44,1.5210555545409905,0.51,1.5790529862336269,1.07,0.7495331880577404,0.42426406871192845,0.41,0.33,0.0
