1,2,3,4,5,6,7,8,9,10,11,12
25.492363636363635,3.0716545733825313,3.8887848066879798,3.1808749511015764,3.7660804317196703,3.3291989208434902,9.043866848630492,3.582698069129668,2.8006262286723076,8.792433346681914,2.394757911469436,3.415496503238784
3.0716545733825313,0.0,0.61,0.6,0.49,0.45,1.0083732774457417,0.47,0.31,0.8882165115716839,0.23,0.34
3.8887848066879798,0.61,0.0,0.62,0.59,0.58,1.2941470807704458,0.61,0.43,1.1603509321383274,0.33,0.44
3.1808749511015764,0.6,0.62,0.0,0.48,0.45,1.0287856919689349,0.47,0.34,0.9600297614434371,0.21,0.36
3.7660804317196703,0.49,0.59,0.48,0.0,0.56,1.2206623884869507,0.54,0.42,1.0734191033462053,0.31,0.47
3.3291989208434902,0.45,0.58,0.45,0.56,0.0,1.183920042345203,0.55,0.38,1.016724432394821,0.31,0.37
9.04386684863049,1.0083732774457417,1.2941470807704458,1.0287856919689349,1.2206623884869507,1.183920042345203,3.203333333333334,1.1716725936312868,1.1308477645849007,3.377700330670192,0.938971068066885,1.4656113627652685
3.582698069129668,0.47,0.61,0.47,0.54,0.55,1.1716725936312868,0.0,0.35,1.0734191033462053,0.27,0.4
2.8006262286723076,0.31,0.43,0.34,0.42,0.38,1.1308477645849007,0.35,0.0,0.9524704719832526,0.27,0.45
8.792433346681914,0.8882165115716839,1.1603509321383274,0.9600297614434371,1.0734191033462053,1.016724432394821,3.377700330670192,1.0734191033462053,0.9524704719832526,4.071428571428571,1.349333168642941,1.3001977871517416
2.394757911469436,0.23,0.33,0.21,0.31,0.31,0.938971068066885,0.27,0.27,1.349333168642941,0.0,0.37
3.415496503238784,0.34,0.44,0.36,0.47,0.37,1.4656113627652685,0.4,0.45,1.3001977871517416,0.37,0.0
