1,2,3,4,5,6,7,8,9,10,11,12
25.66592592592593,3.9096577950089286,3.622523164049345,10.014243938843645,2.603263265524566,3.212914045950601,3.554481782305368,3.9355135200716416,3.019676521797706,7.143664669300163,3.056418867939455,3.0414497639557796
3.9096577950089286,0.0,0.59,1.5305423875214956,0.4,0.53,0.57,0.6,0.44,0.8799999999999999,0.34,0.35
3.622523164049345,0.59,0.0,1.4894327779393066,0.39,0.47,0.6,0.57,0.38,0.875,0.34,0.36
10.014243938843638,1.5305423875214956,1.4894327779393066,5.064,1.8277964875773234,1.9637744269645638,1.4008890034545918,1.5969502183850317,1.1573936236216267,2.4049121605580526,1.0625252938165757,1.0941480704182593
2.603263265524566,0.4,0.39,1.8277964875773234,0.0,0.71,0.36,0.43,0.31,0.595,0.26,0.28
3.212914045950601,0.53,0.47,1.9637744269645638,0.71,0.0,0.44,0.52,0.38,0.715,0.34,0.36
3.554481782305368,0.57,0.6,1.4008890034545918,0.36,0.44,0.0,0.57,0.45,0.8500000000000001,0.35,0.35
3.9355135200716416,0.6,0.57,1.5969502183850317,0.43,0.52,0.57,0.0,0.4,0.95,0.4,0.4
3.019676521797706,0.44,0.38,1.1573936236216267,0.31,0.38,0.45,0.4,0.0,0.875,0.34,0.34
7.143664669300163,0.8799999999999999,0.875,2.404912160558053,0.595,0.715,0.8500000000000001,0.95,0.875,2.13,1.125,1.0750000000000002
3.056418867939455,0.34,0.34,1.0625252938165757,0.26,0.34,0.35,0.4,0.34,1.125,0.0,0.83
3.0414497639557796,0.35,0.36,1.0941480704182593,0.28,0.36,0.35,0.4,0.34,1.0750000000000002,0.83,0.0
