1,2,3,4,5,6,7,8,9,10,11,12
28.11366666666666,3.39144241682896,3.703863073423026,3.75808484026993,5.483584036821981,3.996918813286055,3.9698079298626023,3.2520150163654935,3.125497560389384,7.290891149235463,3.8484544516814356,4.839128795558142
3.39144241682896,0.0,0.5,0.49,0.6581793068761734,0.47,0.51,0.33,0.35,0.875,0.39,0.4666904755831213
3.703863073423026,0.5,0.0,0.58,0.692820323027551,0.56,0.59,0.39,0.43,0.9299999999999999,0.46,0.5939696961966998
3.75808484026993,0.49,0.58,0.0,0.7447818472546174,0.58,0.6,0.42,0.48,0.94,0.48,0.6151828996322963
5.483584036821984,0.6581793068761734,0.692820323027551,0.7447818472546174,1.326666666666667,0.7794228634059949,0.7505553499465136,0.5658032638058333,0.5946707772653146,1.3567731325956207,0.5946707772653146,0.8532389270694738
3.996918813286055,0.47,0.56,0.58,0.7794228634059949,0.0,0.59,0.46,0.78,1.04,0.53,0.6434671708797581
3.9698079298626023,0.51,0.59,0.6,0.7505553499465136,0.59,0.0,0.43,0.44,0.965,0.45,0.6576093065034891
3.2520150163654935,0.33,0.39,0.42,0.5658032638058333,0.46,0.43,0.0,0.36,0.7050000000000001,0.42,0.7424621202458749
3.125497560389384,0.35,0.43,0.48,0.5946707772653146,0.78,0.44,0.36,0.0,0.825,0.42,0.5020458146424487
7.290891149235463,0.875,0.9299999999999999,0.94,1.3567731325956207,1.04,0.965,0.7050000000000001,0.825,1.985,1.03,1.103086578651014
3.8484544516814356,0.39,0.46,0.48,0.5946707772653146,0.53,0.45,0.42,0.42,1.03,0.0,0.6646803743153546
4.839128795558142,0.4666904755831213,0.5939696961966998,0.6151828996322962,0.8532389270694738,0.6434671708797581,0.6576093065034891,0.7424621202458749,0.5020458146424487,1.103086578651014,0.6646803743153546,0.5899999999999999
