1,2,3,4,5,6,7,8,9,10,11,12
10.975,2.4462583673847704,2.3858845319922755,2.1600416662647968,2.473091183114768,2.287497540982285,13.429365850361554,2.853955588301962,1.2857390870623793,1.5384147685198548,3.4636692971471743,2.2294057504187066
2.4462583673847704,0.0,0.58,0.39,0.52,0.43,2.561435609370726,0.6010407640085653,0.26,0.32,0.63,0.43133513652379396
2.3858845319922755,0.58,0.0,0.4,0.48,0.45,2.5444622408748954,0.5091168824543142,0.22,0.27,0.675,0.38890872965260115
2.1600416662647968,0.39,0.4,0.0,0.5,0.48,2.630872116853667,0.551543289325507,0.24,0.29,0.66,0.44547727214752486
2.473091183114768,0.52,0.48,0.5,0.0,0.56,3.15550350672478,0.7990306627407987,0.3,0.37,0.75,0.5303300858899106
2.287497540982285,0.43,0.45,0.48,0.56,0.0,2.845353773300975,0.5727564927611034,0.23,0.3,0.675,0.4596194077712559
13.429365850361556,2.561435609370726,2.5444622408748954,2.630872116853667,3.15550350672478,2.845353773300975,20.32190476190476,4.198512208140492,2.1093267939817966,2.5444622408748954,6.0116585145231,3.906100235224264
2.8539555883019614,0.6010407640085653,0.5091168824543142,0.551543289325507,0.7990306627407987,0.5727564927611034,4.1985122081404915,0.7699999999999999,0.3252691193458118,0.41012193308819755,0.8874190103891171,0.6649999999999998
1.2857390870623793,0.26,0.22,0.24,0.3,0.23,2.1093267939817966,0.3252691193458118,0.0,0.81,0.88,0.67175144212722
1.5384147685198548,0.32,0.27,0.29,0.37,0.3,2.5444622408748954,0.41012193308819755,0.81,0.0,1.025,0.8061017305526641
3.463669297147174,0.63,0.675,0.66,0.75,0.675,6.011658514523101,0.8874190103891171,0.88,1.025,1.96,1.5308861812688752
2.2294057504187075,0.43133513652379396,0.38890872965260115,0.4454772721475249,0.5303300858899106,0.4596194077712559,3.906100235224263,0.6649999999999999,0.67175144212722,0.8061017305526641,1.5308861812688754,0.8299999999999998
