1,2,3,4,5,6,7,8,9,10,11,12
0.49188333333333345,0.43133333333333335,0.4195000000000001,0.44587500000000013,0.4790000000000002,0.4866666666666668,0.40427777777777796,0.4763333333333334,0.38433333333333347,0.4383333333333334,0.45599999999999985,0.48216666666666674
0.43133333333333335,1.0,0.4,0.39749999999999996,0.49,0.48,0.3233333333333333,0.47,0.34,0.37,0.44,0.375
0.4195000000000001,0.4,1.0,0.4225,0.52,0.48,0.3666666666666667,0.48,0.33,0.39,0.39,0.395
0.44587499999999985,0.39749999999999996,0.4225,0.69125,0.4625,0.505,0.6058333333333333,0.4725,0.395,0.3475,0.4275,0.44375
0.4790000000000002,0.49,0.52,0.4625,1.0,0.58,0.4033333333333333,0.55,0.36,0.42,0.46,0.45999999999999996
0.4866666666666668,0.48,0.48,0.505,0.58,1.0,0.42,0.6,0.35,0.4,0.48,0.46499999999999997
0.4042777777777777,0.3233333333333333,0.3666666666666667,0.6058333333333333,0.4033333333333333,0.42,0.82,0.41333333333333333,0.37666666666666665,0.35666666666666663,0.4,0.38
0.4763333333333334,0.47,0.48,0.4725,0.55,0.6,0.41333333333333333,1.0,0.35,0.42,0.49,0.435
0.38433333333333347,0.34,0.33,0.395,0.36,0.35,0.37666666666666665,0.35,1.0,0.35,0.41,0.375
0.4383333333333334,0.37,0.39,0.3475,0.42,0.4,0.35666666666666663,0.42,0.35,1.0,0.51,0.42000000000000004
0.45599999999999985,0.44,0.39,0.4275,0.46,0.48,0.4,0.49,0.41,0.51,1.0,0.41500000000000004
0.48216666666666663,0.375,0.395,0.44375,0.45999999999999996,0.46499999999999997,0.38,0.435,0.375,0.42000000000000004,0.41500000000000004,0.85
