1,2,3,4,5,6,7,8,9,10,11,12
27.991034482758618,3.3719491958376735,3.255086470592521,3.8420262254754816,3.7238504359017326,3.47830740645405,6.5777957541077985,3.4835596637684385,3.2472080846209384,2.967525382629728,7.606850723593468,4.421406001995605
3.3719491958376735,0.0,0.41,0.48,0.49,0.44,0.7250000000000001,0.42,0.34,0.32,0.7602631123499284,0.4666904755831214
3.255086470592521,0.41,0.0,0.5,0.52,0.48,0.77,0.51,0.36,0.33,0.7468467044849297,0.44547727214752486
3.8420262254754816,0.48,0.5,0.0,0.57,0.56,1.085,0.52,0.43,0.42,0.8765386471799176,0.5303300858899106
3.7238504359017326,0.49,0.52,0.57,0.0,0.49,0.84,0.5,0.39,0.36,0.8899550550449162,0.5303300858899106
3.47830740645405,0.44,0.48,0.56,0.49,0.0,0.825,0.49,0.41,0.38,0.8452336954949206,0.4596194077712559
6.5777957541077985,0.7250000000000001,0.77,1.085,0.84,0.825,2.21,0.8099999999999999,0.675,0.7899999999999999,1.5093458848123582,0.9121677477306462
3.4835596637684385,0.42,0.51,0.52,0.5,0.49,0.8099999999999999,0.0,0.38,0.3,0.796040199989925,0.47376154339498683
3.2472080846209384,0.34,0.36,0.43,0.39,0.41,0.675,0.38,0.0,0.38,0.8318172876299217,0.5727564927611035
2.967525382629728,0.32,0.33,0.42,0.36,0.38,0.7899999999999999,0.3,0.38,0.0,0.7781516561699269,0.42426406871192845
7.606850723593469,0.7602631123499284,0.7468467044849297,0.8765386471799176,0.8899550550449162,0.8452336954949206,1.5093458848123582,0.796040199989925,0.8318172876299217,0.7781516561699269,2.468,1.61908616200621
4.421406001995605,0.4666904755831213,0.4454772721475249,0.5303300858899106,0.5303300858899106,0.4596194077712559,0.9121677477306462,0.47376154339498683,0.5727564927611034,0.42426406871192845,1.61908616200621,0.8299999999999998
