1,2,3,4,5,6,7,8,9,10,11,12
0.5272249999999999,0.4407500000000001,0.46725000000000005,0.46025,0.46624999999999994,0.5365,0.5255000000000001,0.48375000000000007,0.43299999999999994,0.4203152173913044,0.5129500000000001,0.43300000000000005
0.4407500000000001,1.0,0.6,0.56,0.59,0.49,0.46,0.45,0.31,0.3278260869565217,0.426,0.34
0.46725000000000005,0.6,1.0,0.63,0.61,0.52,0.46,0.43,0.38,0.3447826086956522,0.43,0.36
0.46025,0.56,0.63,1.0,0.6,0.48,0.46,0.39,0.33,0.33608695652173914,0.434,0.39
0.46624999999999994,0.59,0.61,0.6,1.0,0.48,0.49,0.42,0.36,0.35130434782608694,0.44600000000000006,0.35
0.5365,0.49,0.52,0.48,0.48,1.0,0.56,0.56,0.51,0.4182608695652174,0.5000000000000001,0.44
0.5255000000000001,0.46,0.46,0.46,0.49,0.56,1.0,0.52,0.39,0.40826086956521734,0.51,0.48
0.48375000000000007,0.45,0.43,0.39,0.42,0.56,0.52,1.0,0.34,0.37826086956521743,0.4720000000000001,0.41
0.43299999999999994,0.31,0.38,0.33,0.36,0.51,0.39,0.34,1.0,0.3043478260869565,0.398,0.31
0.42031521739130445,0.32782608695652177,0.34478260869565214,0.3360869565217392,0.351304347826087,0.41826086956521735,0.4082608695652174,0.3782608695652174,0.3043478260869565,0.541890359168242,0.5115652173913043,0.36130434782608695
0.5129500000000002,0.426,0.43,0.434,0.44600000000000006,0.5000000000000001,0.51,0.4720000000000001,0.398,0.5115652173913043,0.6936000000000001,0.43000000000000005
0.43300000000000005,0.34,0.36,0.39,0.35,0.44,0.48,0.41,0.31,0.36130434782608695,0.43000000000000005,1.0
