1,2,3,4,5,6,7,8,9,10,11,12
29.575806451612912,4.114804114806174,3.445513445515167,3.582673582675375,3.8455638455657666,4.821504332908772,5.163652433269778,5.7132446574717095,3.1864331864347797,4.01417850029842,3.064513064514598,2.763522763524147
4.114804114806174,0.0,0.62,0.67,0.6,0.6505382386916236,0.7636753236814712,0.8273149339882605,0.41,0.4666904755831213,0.43,0.33
3.445513445515167,0.62,0.0,0.64,0.49,0.5444722215136416,0.5798275605729689,0.6505382386916236,0.33,0.3889087296526011,0.35,0.24
3.582673582675375,0.67,0.64,0.0,0.55,0.551543289325507,0.6222539674441617,0.7212489168102785,0.39,0.3889087296526011,0.36,0.27
3.8455638455657666,0.6,0.49,0.55,0.0,0.6293250352560272,0.7495331880577403,0.834386001800126,0.48,0.45254833995939037,0.35,0.26
4.821504332908772,0.6505382386916236,0.5444722215136416,0.551543289325507,0.6293250352560272,0.7199999999999999,0.8699999999999998,0.9199999999999998,0.6505382386916236,0.4649999999999999,0.5656854249492379,0.38183766184073564
5.163652433269778,0.7636753236814712,0.5798275605729689,0.6222539674441617,0.7495331880577403,0.8699999999999999,0.7799999999999998,1.0299999999999998,0.5798275605729689,0.6399999999999999,0.5020458146424487,0.4384062043356594
5.7132446574717095,0.8273149339882605,0.6505382386916236,0.7212489168102785,0.834386001800126,0.9199999999999998,1.0299999999999998,0.7599999999999999,0.6293250352560272,0.7049999999999998,0.551543289325507,0.4596194077712559
3.1864331864347797,0.41,0.33,0.39,0.48,0.6505382386916236,0.5798275605729689,0.6293250352560272,0.0,0.39597979746446654,0.31,0.26
4.014178500298418,0.4666904755831213,0.3889087296526011,0.3889087296526011,0.45254833995939037,0.46499999999999997,0.6399999999999999,0.7049999999999998,0.3959797974644666,0.8099999999999999,0.3676955262170047,0.5161879502661797
3.064513064514598,0.43,0.35,0.36,0.35,0.5656854249492379,0.5020458146424487,0.551543289325507,0.31,0.36769552621700463,0.0,0.27
2.763522763524147,0.33,0.24,0.27,0.26,0.38183766184073564,0.4384062043356594,0.4596194077712559,0.26,0.5161879502661797,0.27,0.0
