1,2,3,4,5,6,7,8,9,10,11,12
23.060851063829787,3.1185935182249858,3.156518416014439,10.22621790734913,4.725972150357792,7.194526317706414,2.9391795786825763,7.143644728008246,2.381975311160618,2.996066925366755,2.825404885314218,2.8224875854842595
3.1185935182249858,0.0,0.6,1.27539298756394,0.6293250352560272,0.8497058314499201,0.28,0.7826237921249264,0.24,0.31,0.28,0.29
3.156518416014439,0.6,0.0,1.302529008575939,0.6576093065034891,0.9257321426849129,0.33,0.8005123359449247,0.24,0.33,0.29,0.32
10.226217907349131,1.27539298756394,1.302529008575939,5.656363636363638,2.1021590632663187,3.171436153027091,1.3568010505999362,2.7696130349989985,0.9889572102150649,1.3266499161421599,1.145743109395502,1.1758942438532782
4.725972150357791,0.6293250352560272,0.6576093065034891,2.1021590632663183,0.7299999999999998,1.375590782173245,0.5444722215136415,1.2680733417275198,0.3747665940288702,0.551543289325507,0.48083261120685233,0.4808326112068523
7.194526317706415,0.8497058314499201,0.9257321426849129,3.1714361530270914,1.375590782173245,2.744,0.8407615595399209,2.392,0.7244860247099318,0.8631222393149188,0.872066511224918,0.8765386471799176
2.9391795786825763,0.28,0.33,1.3568010505999362,0.5444722215136415,0.8407615595399209,0.0,0.8452336954949204,0.3,0.53,0.4,0.41
7.143644728008248,0.7826237921249264,0.8005123359449247,2.7696130349989985,1.26807334172752,2.392,0.8452336954949204,2.696,1.0464798134699016,0.9167878707749137,1.2745587471748803,1.1940602999848877
2.381975311160618,0.24,0.24,0.9889572102150649,0.3747665940288702,0.7244860247099318,0.3,1.0464798134699016,0.0,0.26,0.4,0.39
2.996066925366755,0.31,0.33,1.3266499161421599,0.551543289325507,0.8631222393149188,0.53,0.9167878707749137,0.26,0.0,0.42,0.43
2.825404885314218,0.28,0.29,1.145743109395502,0.48083261120685233,0.872066511224918,0.4,1.2745587471748803,0.4,0.42,0.0,0.83
2.8224875854842595,0.29,0.32,1.1758942438532782,0.4808326112068523,0.8765386471799176,0.41,1.1940602999848877,0.39,0.43,0.83,0.0
