1,2,3,4,5,6,7,8,9,10,11,12
21.27162790697674,3.010321778365617,3.2146698626113057,3.0026968498489857,3.3854682613838234,5.306477612424535,8.24526492525908,10.679670820639057,2.890996649584185,3.053021378058745,3.3214188618441294,2.389652597111915
3.010321778365617,0.0,0.62,0.58,0.47,0.6581793068761734,1.0280633665850978,1.3994379824296135,0.3889087296526011,0.4,0.41,0.34
3.2146698626113057,0.62,0.0,0.62,0.55,0.7043673284113435,1.1338934190276815,1.4149299158144426,0.3889087296526011,0.43,0.46,0.31
3.0026968498489857,0.58,0.62,0.0,0.48,0.6812733176437585,1.0507412349656515,1.3477982044801808,0.3464823227814082,0.44,0.42,0.28
3.3854682613838234,0.47,0.55,0.48,0.0,0.80251687417358,1.3001977871517416,1.6059970942273423,0.45254833995939037,0.48,0.55,0.36
5.306477612424536,0.6581793068761734,0.7043673284113435,0.6812733176437585,0.80251687417358,1.2933333333333337,2.5291453478351515,3.2795663669996915,0.8532389270694738,0.7043673284113435,0.8948929172439202,0.7274613391789285
8.24526492525908,1.0280633665850978,1.1338934190276815,1.0507412349656515,1.3001977871517416,2.529145347835152,3.2399999999999998,4.701886551466032,1.285526573598761,1.1641305768684198,1.3984685501341403,1.0960969717267588
10.679670820639052,1.3994379824296135,1.4149299158144426,1.3477982044801808,1.6059970942273423,3.2795663669996915,4.701886551466032,8.602666666666664,2.6089851155829407,1.7402605168958654,1.6473089165868877,2.1637066960812095
2.890996649584183,0.3889087296526011,0.3889087296526011,0.3464823227814083,0.45254833995939037,0.8532389270694738,1.285526573598761,2.6089851155829407,0.8099999999999999,0.4808326112068523,0.4242640687119285,0.7212489168102785
3.053021378058745,0.4,0.43,0.44,0.48,0.7043673284113435,1.1641305768684198,1.7402605168958654,0.4808326112068523,0.0,0.42,0.37
3.3214188618441294,0.41,0.46,0.42,0.55,0.8948929172439202,1.3984685501341403,1.6473089165868877,0.42426406871192845,0.42,0.0,0.34
2.389652597111915,0.34,0.31,0.28,0.36,0.7274613391789285,1.0960969717267588,2.1637066960812095,0.7212489168102785,0.37,0.34,0.0
