1,2,3,4,5,6,7,8,9,10,11,12
0.5118904958677687,0.4620454545454545,0.42240909090909096,0.45190340909090904,0.5143181818181819,0.5301136363636363,0.46113636363636357,0.5325000000000001,0.4138636363636363,0.30863636363636365,0.34159090909090906,0.49454545454545457
0.4620454545454545,1.0,0.35400000000000004,0.36562500000000003,0.495,0.45999999999999996,0.385,0.48,0.38,0.25,0.24,0.41
0.42240909090909107,0.35400000000000004,0.7784000000000001,0.35600000000000004,0.44100000000000006,0.45000000000000007,0.496,0.47000000000000003,0.34600000000000003,0.202,0.258,0.44600000000000006
0.45190340909090915,0.36562500000000003,0.35600000000000004,0.578828125,0.44906250000000003,0.4596875,0.4228125000000001,0.5075000000000001,0.37062500000000004,0.423125,0.38937499999999997,0.449375
0.5143181818181819,0.495,0.44100000000000006,0.4490624999999999,0.9099999999999999,0.5700000000000001,0.52,0.605,0.7,0.30000000000000004,0.30500000000000005,0.5549999999999999
0.5301136363636364,0.45999999999999996,0.45000000000000007,0.45968749999999997,0.5700000000000001,0.85,0.5175,0.635,0.44,0.32499999999999996,0.315,0.5900000000000001
0.46113636363636357,0.385,0.496,0.4228124999999999,0.52,0.5175,0.85,0.565,0.435,0.28,0.30000000000000004,0.535
0.5325000000000001,0.48,0.47000000000000003,0.5075000000000001,0.605,0.635,0.565,1.0,0.46,0.34,0.35,0.62
0.4138636363636363,0.38,0.34600000000000003,0.37062500000000004,0.7,0.44,0.435,0.46,1.0,0.28,0.29,0.43
0.30863636363636365,0.25,0.202,0.423125,0.30000000000000004,0.32499999999999996,0.28,0.34,0.28,1.0,0.33,0.28
0.34159090909090906,0.24,0.258,0.38937499999999997,0.30500000000000005,0.315,0.30000000000000004,0.35,0.29,0.33,1.0,0.33
0.49454545454545457,0.41,0.44600000000000006,0.449375,0.5549999999999999,0.5900000000000001,0.535,0.62,0.43,0.28,0.33,1.0
