1,2,3,4,5,6,7,8,9,10,11,12
15.421999999999993,2.6637573713334572,2.6528029201833547,2.552387117974074,9.723184736935291,7.600563356313354,7.603606259410606,3.0252542592868674,2.820771171151606,2.545084150540672,3.1548819312297565,2.415456478597782
2.6637573713334572,0.0,0.44,0.34,1.6213589244534237,1.2266666666666666,1.2366666666666664,0.45,0.45,0.41,0.49,0.4
2.6528029201833547,0.44,0.0,0.35,1.6955530071336609,1.3466666666666665,1.4066666666666667,0.52,0.55,0.48,0.6,0.43
2.552387117974074,0.34,0.35,0.0,1.4751529379953083,1.1166666666666665,1.2233333333333334,0.5,0.38,0.38,0.46,0.39
9.723184736935291,1.6213589244534237,1.6955530071336609,1.4751529379953083,11.322857142857142,6.2170276928234225,6.439609940864136,2.042519452608889,1.798115415544577,2.1930897968717233,2.0817986728513675,1.981418443342811
7.600563356313352,1.2266666666666666,1.3466666666666665,1.1166666666666665,6.2170276928234225,4.435555555555554,4.21111111111111,1.6533333333333333,1.4433333333333334,1.6466666666666667,1.6733333333333331,1.2533333333333332
7.603606259410604,1.2366666666666664,1.4066666666666667,1.2233333333333334,6.439609940864133,4.21111111111111,4.982222222222221,1.5333333333333332,1.4766666666666666,1.5366666666666666,1.6333333333333333,1.7
3.0252542592868674,0.45,0.52,0.5,2.042519452608889,1.6533333333333333,1.5333333333333332,0.0,0.57,0.52,0.64,0.47
2.820771171151606,0.45,0.55,0.38,1.798115415544577,1.4433333333333334,1.4766666666666666,0.57,0.0,0.43,0.62,0.49
2.545084150540672,0.41,0.48,0.38,2.1930897968717233,1.6466666666666667,1.5366666666666666,0.52,0.43,0.0,0.54,0.43
3.1548819312297565,0.49,0.6,0.46,2.0817986728513675,1.6733333333333331,1.6333333333333333,0.64,0.62,0.54,0.0,0.5
2.415456478597782,0.4,0.43,0.39,1.981418443342811,1.2533333333333332,1.7,0.47,0.49,0.43,0.5,0.0
