1,2,3,4,5,6,7,8,9,10,11,12
26.112363636363636,3.1566037560529,3.344031317817681,8.861657345502078,6.004562356317829,5.12676834237355,3.557078474356065,3.6727378937740216,3.046034978608928,5.5102155267752595,3.3359409194681215,3.3076245252446657
3.1566037560529,0.0,0.45,0.9593834825900782,0.7043673284113435,0.5939696961966998,0.47,0.35355339059327373,0.31,0.5253887449625596,0.32,0.32
3.344031317817681,0.45,0.0,1.1798375594405641,0.8487048957087501,0.7424621202458749,0.55,0.37476659402887014,0.36,0.6581793068761734,0.36,0.33
8.861657345502078,0.9593834825900782,1.1798375594405641,2.9700000000000006,2.088322027104271,1.7291640562229293,1.1512601791080939,1.1749077978008884,0.9675484483993555,1.869118924936441,1.0532805893967667,1.0655280381106826
6.004562356317828,0.7043673284113435,0.8487048957087501,2.088322027104271,1.4800000000000004,1.236992320105505,0.9353074360871938,0.7715892689767012,0.7101408311032398,1.1800000000000004,0.7101408311032398,0.669726312259966
5.126768342373548,0.5939696961966998,0.7424621202458749,1.7291640562229293,1.236992320105505,0.6099999999999999,0.7990306627407986,0.6699999999999999,0.5444722215136416,0.9348885851622464,0.5798275605729689,0.551543289325507
3.557078474356065,0.47,0.55,1.1512601791080939,0.9353074360871938,0.7990306627407986,0.0,0.43840620433565947,0.45,0.6350852961085884,0.4,0.4
3.672737893774021,0.35355339059327373,0.37476659402887014,1.1749077978008886,0.7715892689767012,0.6699999999999998,0.43840620433565947,0.8099999999999999,0.41012193308819755,1.0532805893967667,0.6505382386916236,0.6929646455628166
3.046034978608928,0.31,0.36,0.9675484483993555,0.7101408311032398,0.5444722215136416,0.45,0.41012193308819755,0.0,0.6524058041842773,0.43,0.42
5.5102155267752595,0.5253887449625596,0.6581793068761734,1.8691189249364415,1.1800000000000004,0.9348885851622464,0.6350852961085884,1.0532805893967667,0.6524058041842773,1.1933333333333336,1.0161364737737415,1.0450039872332229
3.3359409194681215,0.32,0.36,1.0532805893967667,0.7101408311032398,0.5798275605729689,0.4,0.6505382386916236,0.43,1.0161364737737415,0.0,0.66
3.3076245252446657,0.32,0.33,1.0655280381106826,0.669726312259966,0.551543289325507,0.4,0.6929646455628166,0.42,1.0450039872332229,0.66,0.0
