1,2,3,4,5,6,7,8,9,10,11,12
17.77771428571429,3.4516099763112607,2.6926614555650548,9.934972900346141,5.43576340632333,8.808232409616483,2.5760301684125193,1.8272234987230522,5.563650458877825,5.207840517637119,1.8745521369878502,2.75182225339605
3.4516099763112607,0.0,0.53,1.7665968090411255,0.9872689603142603,1.4472544539732655,0.48,0.3,0.9899999999999999,0.845,0.33,0.44
2.6926614555650548,0.53,0.0,1.480627280194831,0.8371578903249575,1.2211209455399428,0.38,0.24,0.8200000000000001,0.6900000000000001,0.24,0.36
9.934972900346141,1.7665968090411255,1.480627280194831,7.105714285714287,3.254257650700519,4.947752999115835,1.4565737684227127,0.9220512845978641,3.157691573195294,2.693993318477238,1.0957710918409402,1.7452159096881315
5.43576340632333,0.9872689603142603,0.8371578903249575,3.254257650700519,1.3466666666666671,2.7086483266706587,0.7736493607140986,0.5022947341949745,2.026499444855587,1.6252410077687967,0.6293117934166922,0.8544783984006463
8.808232409616481,1.4472544539732655,1.2211209455399428,4.947752999115836,2.7086483266706587,5.6418181818181825,1.1909698110821663,1.5437380842381496,3.028681456283636,3.918139922788038,1.4201184329612664,1.757811138888362
2.5760301684125193,0.48,0.38,1.4565737684227127,0.7736493607140986,1.1909698110821663,0.0,0.28,0.825,0.7150000000000001,0.29,0.37
1.8272234987230522,0.3,0.24,0.9220512845978641,0.5022947341949745,1.5437380842381496,0.28,0.0,0.575,0.885,0.33,0.33
5.563650458877822,0.9899999999999999,0.8200000000000001,3.1576915731952946,2.0264994448555864,3.0286814562836364,0.825,0.575,2.035,1.865,0.635,0.825
5.20784051763712,0.845,0.6900000000000001,2.6939933184772378,1.6252410077687967,3.918139922788038,0.7150000000000001,0.885,1.865,2.035,1.055,0.96
1.8745521369878502,0.33,0.24,1.0957710918409402,0.6293117934166922,1.4201184329612664,0.29,0.33,0.635,1.055,0.0,0.37
2.75182225339605,0.44,0.36,1.7452159096881315,0.8544783984006463,1.757811138888362,0.37,0.33,0.825,0.96,0.37,0.0
