1,2,3,4,5,6,7,8,9,10,11,12
22.44086956521739,3.265839328830972,6.295105379509579,12.364163292072922,2.718829671496303,3.3292393699775764,5.745130326090795,3.4147557045474173,2.66575056728054,2.8603739494050044,3.1758997355764844,2.3811875919015884
3.265839328830972,0.0,0.8810107831349171,1.5414473717905517,0.39,0.5,0.8371578903249575,0.48,0.36,0.35,0.43,0.27
6.295105379509579,0.8810107831349171,2.8919999999999995,3.280504229535454,1.0554240853799006,0.9123157348199142,1.6653828388691894,0.9525649584149104,0.8407615595399208,0.7602631123499285,0.8765386471799176,0.5769055381949457
12.36416329207292,1.5414473717905517,3.2805042295354534,7.206666666666665,1.531119416200665,1.7066946612287348,2.969498274119721,1.7609164280756389,1.4433317936866303,1.4743156604562897,1.6731288055616036,1.4768976493537616
2.718829671496303,0.39,1.0554240853799006,1.531119416200665,0.0,0.41,0.7101408311032398,0.41,0.31,0.31,0.41,0.26
3.3292393699775764,0.5,0.9123157348199142,1.7066946612287348,0.41,0.0,0.9641749495466752,0.57,0.35,0.45,0.49,0.27
5.745130326090796,0.8371578903249575,1.6653828388691894,2.969498274119721,0.7101408311032398,0.9641749495466752,1.4533333333333336,0.9237604307034013,0.5946707772653146,0.6639528095680697,0.7621023553303061,0.4849742261192857
3.4147557045474173,0.48,0.9525649584149104,1.7609164280756389,0.41,0.57,0.9237604307034013,0.0,0.36,0.43,0.45,0.28
2.66575056728054,0.36,0.8407615595399208,1.4433317936866303,0.31,0.35,0.5946707772653146,0.36,0.0,0.37,0.41,0.27
2.8603739494050044,0.35,0.7602631123499285,1.4743156604562897,0.31,0.45,0.6639528095680697,0.43,0.37,0.0,0.49,0.28
3.1758997355764844,0.43,0.8765386471799176,1.6731288055616036,0.41,0.49,0.7621023553303061,0.45,0.41,0.49,0.0,0.3
2.3811875919015884,0.27,0.5769055381949457,1.4768976493537616,0.26,0.27,0.4849742261192857,0.28,0.27,0.28,0.3,0.0
