1,2,3,4,5,6,7,8,9,10,11,12
5.308888888888888,1.8466666666666665,9.53694395495748,1.4233333333333331,1.21,3.035,1.7088413878674895,1.0933333333333333,1.49,1.5438498055906285,1.053333333333333,1.1733333333333331
1.8466666666666665,0.0,2.8900662654804177,0.45,0.33,0.9199999999999999,0.551543289325507,0.34,0.47,0.49497474683058323,0.33,0.36
9.53694395495748,2.8900662654804177,25.239622641509435,3.2417093091890616,3.1867650836095858,6.940829296327258,4.71170771829509,2.8488580962958108,3.861205452597649,4.803979875219029,3.182644266691124,3.109843167798319
1.4233333333333331,0.45,3.2417093091890616,0.0,0.42,1.045,0.5798275605729689,0.38,0.52,0.4808326112068523,0.34,0.36
1.21,0.33,3.1867650836095858,0.42,0.0,0.855,0.551543289325507,0.39,0.45,0.43133513652379396,0.34,0.32
3.035,0.9199999999999999,6.940829296327256,1.045,0.855,2.25,1.1737972567696688,0.685,1.075,1.0854089091213504,0.84,0.805
1.7088413878674897,0.551543289325507,4.711707718295089,0.5798275605729689,0.551543289325507,1.1737972567696688,0.7599999999999999,0.5374011537017761,0.9616652224137046,0.9249999999999998,0.5586143571373725,0.551543289325507
1.0933333333333333,0.34,2.8488580962958108,0.38,0.39,0.685,0.5374011537017761,0.0,0.45,0.43133513652379396,0.35,0.34
1.49,0.47,3.861205452597649,0.52,0.45,1.075,0.9616652224137046,0.45,0.0,0.7071067811865475,0.43,0.42
1.5438498055906285,0.49497474683058323,4.803979875219029,0.4808326112068523,0.43133513652379396,1.0854089091213504,0.9249999999999998,0.43133513652379396,0.7071067811865475,0.6899999999999998,0.5586143571373725,0.565685424949238
1.053333333333333,0.33,3.182644266691124,0.34,0.34,0.84,0.5586143571373725,0.35,0.43,0.5586143571373725,0.0,0.6
1.1733333333333331,0.36,3.109843167798319,0.36,0.32,0.805,0.551543289325507,0.34,0.42,0.565685424949238,0.6,0.0
