1,2,3,4,5,6,7,8,9,10,11,12
0.5424163265306121,0.4911428571428571,0.43714285714285706,0.4820000000000001,0.442595238095238,0.5483809523809523,0.4061848739495798,0.4999047619047618,0.48514285714285704,0.3862857142857143,0.2968571428571429,0.35000000000000003
0.4911428571428571,1.0,0.36,0.4,0.37166666666666665,0.4833333333333333,0.3652941176470588,0.4766666666666666,0.45,0.35,0.24,0.32
0.43714285714285706,0.36,1.0,0.76,0.3566666666666666,0.41000000000000003,0.29000000000000004,0.3933333333333333,0.36,0.31,0.25,0.28
0.4820000000000001,0.4,0.76,1.0,0.3833333333333333,0.4666666666666667,0.32764705882352935,0.43666666666666665,0.43,0.33,0.24,0.33
0.44259523809523815,0.37166666666666665,0.3566666666666666,0.3833333333333333,0.6094444444444443,0.45249999999999996,0.4642647058823528,0.4694444444444444,0.47166666666666657,0.36999999999999994,0.36583333333333334,0.4366666666666666
0.5483809523809524,0.4833333333333333,0.41000000000000003,0.4666666666666667,0.4524999999999999,0.8488888888888888,0.4209803921568628,0.511111111111111,0.5066666666666666,0.39666666666666667,0.29,0.35666666666666663
0.40618487394957997,0.3652941176470588,0.29000000000000004,0.32764705882352935,0.464264705882353,0.42098039215686267,0.6236678200692042,0.5133333333333333,0.5317647058823529,0.43352941176470594,0.44117647058823534,0.5511764705882353
0.49990476190476185,0.4766666666666666,0.3933333333333333,0.43666666666666665,0.46944444444444444,0.5111111111111111,0.5133333333333333,0.7866666666666666,0.73,0.5733333333333333,0.3466666666666666,0.41333333333333333
0.48514285714285704,0.45,0.36,0.43,0.47166666666666657,0.5066666666666666,0.5317647058823529,0.73,1.0,0.79,0.34,0.4
0.3862857142857143,0.35,0.31,0.33,0.36999999999999994,0.39666666666666667,0.43352941176470594,0.5733333333333333,0.79,1.0,0.28,0.34
0.2968571428571429,0.24,0.25,0.24,0.36583333333333334,0.29,0.44117647058823534,0.3466666666666666,0.34,0.28,1.0,0.39
0.35000000000000003,0.32,0.28,0.33,0.4366666666666666,0.35666666666666663,0.5511764705882353,0.41333333333333333,0.4,0.34,0.39,1.0
