1,2,3,4,5,6,7,8,9,10,11,12
30.601875000000007,3.2950000000000004,3.482500000000001,3.645,3.408750000000001,3.1737499999999996,3.3574999999999995,4.9179276631524385,3.3112500000000002,3.8425000000000002,4.790648442538858,3.61
3.2950000000000004,0.0,0.59,0.61,0.6,0.31,0.32,0.47376154339498683,0.31,0.33,0.4737615433949868,0.33
3.482500000000001,0.59,0.0,0.64,0.57,0.36,0.33,0.5303300858899106,0.35,0.37,0.4879036790187178,0.35
3.645,0.61,0.64,0.0,0.62,0.37,0.34,0.5374011537017761,0.35,0.35,0.5303300858899106,0.37
3.408750000000001,0.6,0.57,0.62,0.0,0.29,0.31,0.5232590180780452,0.35,0.37,0.4879036790187178,0.37
3.1737499999999996,0.31,0.36,0.37,0.29,0.0,0.31,0.5444722215136415,0.31,0.29,0.42426406871192845,0.24
3.3574999999999995,0.32,0.33,0.34,0.31,0.31,0.0,0.6788225099390855,0.29,0.37,0.6929646455628166,0.37
4.917927663152437,0.47376154339498683,0.5303300858899106,0.5374011537017761,0.5232590180780452,0.5444722215136415,0.6788225099390855,0.6199999999999999,0.551543289325507,0.551543289325507,0.865,0.48790367901871773
3.3112500000000002,0.31,0.35,0.35,0.35,0.31,0.29,0.551543289325507,0.0,0.43,0.43133513652379396,0.37
3.8425000000000002,0.33,0.37,0.35,0.37,0.29,0.37,0.551543289325507,0.43,0.0,0.5727564927611035,0.73
4.790648442538858,0.4737615433949868,0.48790367901871773,0.5303300858899106,0.48790367901871773,0.42426406871192845,0.6929646455628166,0.8649999999999999,0.43133513652379396,0.5727564927611034,0.5999999999999999,0.565685424949238
3.61,0.33,0.35,0.37,0.37,0.24,0.37,0.48790367901871773,0.37,0.73,0.565685424949238,0.0
