1,2,3,4,5,6,7,8,9,10,11,12
27.65172413793103,3.2642779208927,3.4769943421254514,5.959408720573759,6.6138613323941,5.460371419096209,2.939951031729186,3.8722267050332184,5.382379377061847,2.7167300958676592,3.276095499850077,3.5163862719833694
3.2642779208927,0.0,0.62,0.7447818472546174,0.8228730157199226,0.6222539674441617,0.32,0.43,0.685893577750951,0.24,0.35,0.35
3.4769943421254514,0.62,0.0,0.7678758580222024,0.8810107831349171,0.67175144212722,0.39,0.5,0.7212489168102785,0.27,0.39,0.4
5.959408720573759,0.7447818472546174,0.7678758580222024,1.4600000000000004,2.685268453370476,1.3717142559585798,0.9064399226277126,1.027683479157534,1.2369923201055049,0.5196152422706632,0.6524058041842772,0.7332348418708249
6.6138613323941025,0.8228730157199226,0.8810107831349171,2.685268453370476,2.8919999999999995,1.476783667298633,1.0554240853799006,1.1627553482998905,1.3882398928139184,0.5769055381949457,0.733430296619931,0.8362894235849213
5.460371419096209,0.6222539674441617,0.67175144212722,1.3717142559585798,1.476783667298633,0.7399999999999999,0.6646803743153545,0.8909545442950498,1.1449999999999998,0.5091168824543142,0.5727564927611034,0.6929646455628165
2.939951031729186,0.32,0.39,0.9064399226277126,1.0554240853799006,0.6646803743153545,0.0,0.7,0.5939696961966998,0.26,0.33,0.36
3.8722267050332184,0.43,0.5,1.027683479157534,1.1627553482998905,0.8909545442950498,0.7,0.0,0.7919595949289331,0.34,0.45,0.49
5.382379377061847,0.685893577750951,0.7212489168102785,1.2369923201055049,1.3882398928139184,1.1449999999999998,0.5939696961966998,0.7919595949289332,0.8099999999999999,0.42426406871192845,0.5939696961966998,0.6293250352560272
2.7167300958676592,0.24,0.27,0.5196152422706632,0.5769055381949457,0.5091168824543142,0.26,0.34,0.42426406871192845,0.0,0.27,0.35
3.276095499850077,0.35,0.39,0.6524058041842772,0.733430296619931,0.5727564927611034,0.33,0.45,0.5939696961966998,0.27,0.0,0.59
3.5163862719833694,0.35,0.4,0.7332348418708249,0.8362894235849213,0.6929646455628165,0.36,0.49,0.6293250352560272,0.35,0.59,0.0
