1,2,3,4,5,6,7,8,9,10,11,12
30.027692307692323,3.258392477658505,3.3973113803984205,3.6019686924706127,4.003841232539648,3.8053856571969153,3.886008234679902,4.227103754800225,5.366718020139712,3.893450318755254,3.6615053650734324,3.5684793141315274
3.258392477658505,0.0,0.59,0.61,0.49,0.49,0.46,0.46,0.4666904755831214,0.4,0.34,0.33
3.3973113803984205,0.59,0.0,0.62,0.48,0.49,0.47,0.48,0.5303300858899106,0.41,0.36,0.35
3.6019686924706127,0.61,0.62,0.0,0.49,0.54,0.55,0.52,0.5091168824543142,0.46,0.4,0.37
4.003841232539648,0.49,0.48,0.49,0.0,0.57,0.56,0.59,0.5798275605729689,0.53,0.45,0.36
3.8053856571969153,0.49,0.49,0.54,0.57,0.0,0.58,0.55,0.6222539674441617,0.51,0.42,0.39
3.886008234679902,0.46,0.47,0.55,0.56,0.58,0.0,0.57,0.6151828996322963,0.55,0.45,0.39
4.227103754800225,0.46,0.48,0.52,0.59,0.55,0.57,0.0,0.6576093065034891,0.62,0.51,0.45
5.366718020139713,0.4666904755831214,0.5303300858899106,0.5091168824543142,0.5798275605729689,0.6222539674441617,0.6151828996322963,0.6576093065034891,0.6699999999999999,0.5939696961966998,0.6717514421272202,0.8909545442950498
3.893450318755254,0.4,0.41,0.46,0.53,0.51,0.55,0.62,0.5939696961966998,0.0,0.5,0.4
3.6615053650734324,0.34,0.36,0.4,0.45,0.42,0.45,0.51,0.6717514421272202,0.5,0.0,0.43
3.5684793141315274,0.33,0.35,0.37,0.36,0.39,0.39,0.45,0.8909545442950498,0.4,0.43,0.0
