1,2,3,4,5,6,7,8,9,10,11,12
24.898518518518518,3.7477193064582637,3.1448726642066234,3.498687849275307,11.359293092542757,5.076241014718093,2.7896966515030637,3.7735750315209753,3.0237590047023457,3.5408735059565726,3.8688329659625413,3.1108519733346363
3.7477193064582637,0.0,0.67,0.59,1.8030378405750267,0.8429313930168537,0.43,0.6,0.39,0.5,0.6,0.39
3.1448726642066234,0.67,0.0,0.46,1.4864509287683747,0.7332348418708249,0.32,0.5,0.3,0.42,0.44,0.34
3.498687849275307,0.59,0.46,0.0,1.745750685105251,0.7851963660978911,0.48,0.57,0.42,0.47,0.51,0.42
11.35929309254276,1.8030378405750267,1.4864509287683747,1.745750685105251,5.714545454545455,3.385810408338324,1.5799194455874814,1.8844459036110226,1.4110730926239339,1.6492670548403672,1.8362040884785804,1.374891731274602
5.076241014718092,0.8429313930168537,0.7332348418708249,0.7851963660978911,3.3858104083383234,1.5000000000000004,0.8313843876330612,0.8544783984006463,0.6177647880328996,0.7390083445627211,0.7967433714816836,0.5888972745734183
2.7896966515030637,0.43,0.32,0.48,1.5799194455874814,0.8313843876330612,0.0,0.49,0.36,0.4,0.42,0.38
3.7735750315209753,0.6,0.5,0.57,1.8844459036110226,0.8544783984006463,0.49,0.0,0.5,0.56,0.56,0.52
3.0237590047023457,0.39,0.3,0.42,1.4110730926239339,0.6177647880328996,0.36,0.5,0.0,0.54,0.43,0.53
3.5408735059565726,0.5,0.42,0.47,1.6492670548403672,0.7390083445627211,0.4,0.56,0.54,0.0,0.54,0.53
3.8688329659625413,0.6,0.44,0.51,1.8362040884785804,0.7967433714816836,0.42,0.56,0.43,0.54,0.0,0.43
3.1108519733346363,0.39,0.34,0.42,1.374891731274602,0.5888972745734183,0.38,0.52,0.53,0.53,0.43,0.0
