1,2,3,4,5,6,7,8,9,10,11,12
25.73309090909091,3.6514664551009184,4.97993510362973,7.929691518322614,5.21544036317339,3.5678656721554765,3.7161896418973908,3.4721292916856967,2.9718729937379718,2.3731835158706125,3.15255855687812,7.77115339514728
3.6514664551009184,0.0,0.685893577750951,1.0818579697292372,0.7848885271170677,0.6,0.57,0.43,0.48,0.3,0.4,0.9793977741449078
4.97993510362973,0.685893577750951,0.5999999999999999,2.2083647796503185,0.9949999999999999,0.6505382386916236,0.67175144212722,0.6929646455628165,0.5656854249492379,0.4596194077712559,0.5939696961966998,1.5052441662401483
7.929691518322615,1.0818579697292372,2.2083647796503185,3.1000000000000005,1.616580753730952,1.0206207261596578,1.0451156235874894,1.1635076278220098,0.9226411364483306,0.7715892689767011,0.9348885851622465,2.5158722808070633
5.215440363173389,0.7848885271170677,0.9949999999999999,1.6165807537309522,0.8199999999999998,0.820243866176395,0.7919595949289331,0.714177848998413,0.9899494936611665,0.4242640687119285,0.6434671708797581,1.492595055599475
3.5678656721554765,0.6,0.6505382386916236,1.0206207261596578,0.820243866176395,0.0,0.55,0.46,0.46,0.28,0.42,0.9525649584149103
3.7161896418973908,0.57,0.67175144212722,1.0451156235874894,0.7919595949289331,0.55,0.0,0.44,0.41,0.3,0.42,0.9659813662799092
3.4721292916856967,0.43,0.6929646455628165,1.1635076278220098,0.714177848998413,0.46,0.44,0.0,0.38,0.29,0.76,1.211948843804886
2.9718729937379718,0.48,0.5656854249492379,0.9226411364483306,0.9899494936611665,0.46,0.41,0.38,0.0,0.28,0.36,0.8899550550449162
2.3731835158706125,0.3,0.4596194077712559,0.7715892689767011,0.4242640687119285,0.28,0.3,0.29,0.28,0.0,0.25,0.988342046054907
3.15255855687812,0.4,0.5939696961966998,0.9348885851622465,0.6434671708797581,0.42,0.42,0.76,0.36,0.25,0.0,1.0867290370648979
7.77115339514728,0.9793977741449079,1.5052441662401483,2.5158722808070637,1.492595055599475,0.9525649584149104,0.9659813662799092,1.211948843804886,0.8899550550449163,0.9883420460549069,1.0867290370648979,2.8200000000000003
