1,2,3,4,5,6,7,8,9,10,11,12
0.5025829081632652,0.4196428571428572,0.43696428571428564,0.43678571428571433,0.4276785714285714,0.5087499999999999,0.459375,0.486875,0.42821428571428566,0.41071428571428564,0.45000000000000007,0.4283928571428572
0.4196428571428572,1.0,0.59,0.6,0.39,0.49,0.37,0.4375,0.32,0.2885714285714286,0.32,0.38
0.43696428571428564,0.59,1.0,0.58,0.41,0.48,0.38,0.44249999999999995,0.34,0.32285714285714284,0.36,0.37
0.43678571428571433,0.6,0.58,1.0,0.4,0.48,0.36,0.45749999999999996,0.31,0.30142857142857143,0.33,0.36
0.4276785714285714,0.39,0.41,0.4,1.0,0.5,0.39,0.52,0.36,0.3114285714285714,0.32,0.37
0.5087499999999999,0.49,0.48,0.48,0.5,1.0,0.565,0.5549999999999999,0.43,0.37571428571428567,0.36,0.41
0.45937499999999987,0.37,0.38,0.36,0.39,0.565,0.885,0.46,0.36,0.31285714285714283,0.315,0.355
0.486875,0.4375,0.44249999999999995,0.45749999999999996,0.52,0.5549999999999999,0.45999999999999996,0.8150000000000001,0.39,0.3628571428571428,0.4,0.39749999999999996
0.42821428571428566,0.32,0.34,0.31,0.36,0.43,0.36,0.39,1.0,0.37,0.38,0.45
0.4107142857142857,0.2885714285714286,0.32285714285714284,0.30142857142857143,0.3114285714285714,0.37571428571428567,0.31285714285714283,0.3628571428571428,0.37,0.670612244897959,0.5857142857142857,0.38857142857142857
0.45000000000000007,0.32,0.36,0.33,0.32,0.36,0.315,0.4,0.38,0.5857142857142856,1.0,0.4
0.4283928571428572,0.38,0.37,0.36,0.37,0.41,0.355,0.39749999999999996,0.45,0.38857142857142857,0.4,1.0
