1,2,3,4,5,6,7,8,9,10,11,12
19.23609756097561,4.876656191465222,2.8673502682748073,2.917325872079161,2.843924203991516,2.9766719015968315,7.290052137166209,11.91777029399744,4.210754089233898,2.7861399120927324,3.8032617580177144,2.9360667235057942
4.876656191465224,0.7999999999999999,0.9192388155425117,0.8061017305526641,0.6505382386916236,0.6646803743153545,1.6079204996931078,2.8449999999999998,1.0599999999999998,0.700035713374682,0.8299999999999998,0.685893577750951
2.8673502682748073,0.9192388155425117,0.0,0.44,0.35,0.37,0.9308061022576077,1.623988574125104,0.6222539674441618,0.4,0.5161879502661796,0.39
2.917325872079161,0.8061017305526641,0.44,0.0,0.42,0.43,1.07369300391996,1.8054793146296515,0.6788225099390857,0.43,0.49497474683058323,0.44
2.843924203991516,0.6505382386916236,0.35,0.42,0.0,0.72,0.951218516780801,1.6404877323527907,0.6081118318204308,0.36,0.45254833995939037,0.41
2.9766719015968315,0.6646803743153545,0.37,0.43,0.72,0.0,0.9961258287318259,1.6051323932934631,0.6222539674441618,0.41,0.4525483399593904,0.38
7.29005213716621,1.6079204996931078,0.9308061022576077,1.07369300391996,0.951218516780801,0.9961258287318259,3.1933333333333347,4.93730705201995,1.5530722241200934,0.9961258287318259,1.544411970082249,1.204332456868396
11.917770293997446,2.8449999999999998,1.623988574125104,1.8054793146296515,1.6404877323527907,1.6051323932934631,4.937307052019951,9.285555555555558,2.651666666666667,2.15667568261897,3.44,2.5644405931032126
4.2107540892339,1.0599999999999998,0.6222539674441617,0.6788225099390855,0.6081118318204308,0.6222539674441617,1.5530722241200934,2.651666666666667,0.7799999999999998,0.5939696961966998,0.84,0.6576093065034891
2.7861399120927324,0.700035713374682,0.4,0.43,0.36,0.41,0.9961258287318259,2.15667568261897,0.5939696961966998,0.0,0.6505382386916236,0.5
3.8032617580177135,0.8299999999999998,0.5161879502661796,0.49497474683058323,0.45254833995939037,0.4525483399593904,1.544411970082249,3.44,0.8399999999999999,0.6505382386916236,0.6899999999999998,0.982878425849301
2.9360667235057942,0.685893577750951,0.39,0.44,0.41,0.38,1.204332456868396,2.5644405931032126,0.6576093065034891,0.5,0.982878425849301,0.0
