1,2,3,4,5,6,7,8,9,10,11,12
5.308888888888888,1.8466666666666665,8.693177734892734,1.573333333333333,1.6133333333333333,1.4233333333333331,4.005555555555555,2.6577357391695777,2.7193197678831376,1.0466666666666666,0.7866666666666667,0.8099999999999998
1.8466666666666665,0.0,2.6465831129804025,0.48,0.49,0.45,1.2299999999999998,0.8140638795573725,0.825610884941165,0.31,0.22,0.21
8.693177734892734,2.6465831129804025,21.41478260869565,3.270262587515619,3.109550855306781,2.9252484101131584,9.740015623592504,5.951985663065171,5.768114252421281,2.7144064128116567,2.316313131193435,2.4445876330481946
1.573333333333333,0.48,3.270262587515619,0.0,0.57,0.56,1.53,0.9872689603142603,1.0219099764656376,0.43,0.3,0.31
1.6133333333333333,0.49,3.109550855306781,0.57,0.0,0.49,1.4333333333333331,0.9410809387790902,0.9872689603142601,0.39,0.3,0.29
1.4233333333333331,0.45,2.9252484101131584,0.56,0.49,0.0,1.3333333333333333,0.9814954576223639,0.9641749495466752,0.41,0.23,0.31
4.0055555555555555,1.2299999999999998,9.740015623592504,1.53,1.4333333333333331,1.3333333333333333,5.079999999999999,2.8232428163372703,2.732791274164229,1.6633333333333333,1.0399999999999998,1.0566666666666666
2.6577357391695773,0.8140638795573725,5.9519856630651695,0.9872689603142603,0.9410809387790902,0.9814954576223639,2.8232428163372703,1.3533333333333337,1.8033333333333337,0.8544783984006462,0.5022947341949745,0.6177647880328997
2.719319767883137,0.8256108849411649,5.768114252421284,1.0219099764656376,0.9872689603142601,0.9641749495466753,2.732791274164229,1.8033333333333337,1.4666666666666668,0.7563288526384099,0.5427092530382482,0.5369357503463521
1.0466666666666666,0.31,2.7144064128116567,0.43,0.39,0.41,1.6633333333333333,0.8544783984006462,0.7563288526384099,0.0,0.27,0.3
0.7866666666666667,0.22,2.316313131193435,0.3,0.3,0.23,1.0399999999999998,0.5022947341949745,0.5427092530382482,0.27,0.0,0.33
0.8099999999999998,0.21,2.4445876330481946,0.31,0.29,0.31,1.0566666666666666,0.6177647880328997,0.536935750346352,0.3,0.33,0.0
