1,2,3,4,5,6,7,8,9,10,11,12,13,14,15,16,17,18,19,20
5.388571428571427,0.0,0.0,0.0,0.0,0.0,0.0,0.0,0.0,0.0,0.0,0.0,0.00944911182523068,0.0,0.0,0.0,0.0,0.07216053531635457,0.0,0.0894693349967569
0.0,4.457142857142856,0.0056694670951384085,0.0,0.0,0.0,0.0,0.0,0.0,0.0,0.0,0.0,0.003779644730092272,1.358782280468172,0.0,0.0,0.0,0.0,0.03207134902949092,0.0
0.0,0.0056694670951384085,1.25,0.0,0.0,0.0070710678118654745,0.0,0.0,0.017677669529663688,0.0,0.0,0.37476659402887014,0.015000000000000001,0.11250000000000002,0.5878775382679629,0.0,0.0,0.9439875528840408,0.0,0.8111771282114244
0.0,0.0,0.0,4.467499999999999,0.0,0.0,0.0,0.0,0.004999999999999999,0.0,0.0,0.0,0.0,0.0,0.0,1.566241520328203,0.0,0.0,0.039999999999999994,0.0
0.0,0.0,0.0,0.0,7.884444444444443,0.0,0.0,0.0,0.0,0.0,0.0,0.0,0.0,0.0,0.0,0.0,0.0,0.0,0.0,0.0
0.0,0.0,0.0070710678118654745,0.0,0.0,0.9999999999999998,0.0,0.0,0.0,0.0,0.04999999999999999,0.0,0.0,0.0,0.005773502691896258,0.0,2.3049999999999997,0.0,0.0,0.0
0.0,0.0,0.0,0.0,0.0,0.0,4.526666666666668,0.0,0.0,0.0,0.0,0.0,0.14492814311467142,0.0,0.3766666666666668,0.0,0.0,0.0,0.0,0.0
0.0,0.0,0.0,0.0,0.0,0.0,0.0,4.496666666666668,0.0,0.0,0.014433756729740645,0.0,0.0,0.0,0.026666666666666672,0.0,0.0,0.0,0.0,0.0
0.0,0.0,0.017677669529663688,0.004999999999999999,0.0,0.0,0.0,0.0,3.5949999999999993,0.0,0.0,0.0,0.8591347391416552,0.0,0.008660254037844387,0.0,0.0,0.027499999999999997,0.20499999999999996,0.004082482904638631
0.0,0.0,0.0,0.0,0.0,0.0,0.0,0.0,0.0,7.999999999999997,0.0,0.0,0.0,0.0,0.0,0.0,0.0,0.0,0.0,0.0
0.0,0.0,0.0,0.0,0.0,0.049999999999999996,0.0,0.014433756729740645,0.0,0.0,5.937499999999999,0.0,0.0,0.0,0.0,0.0,0.0,0.0,0.0,0.0
0.0,0.0,0.37476659402887014,0.0,0.0,0.0,0.0,0.0,0.0,0.0,0.0,6.935,0.0,0.0,0.0,0.0,0.0,0.0,0.0,0.0
0.00944911182523068,0.003779644730092272,0.015000000000000001,0.0,0.0,0.0,0.14492814311467142,0.0,0.8591347391416553,0.0,0.0,0.0,1.24,0.0,0.0020412414523193153,0.0,0.0,0.14495689014324223,0.6858935777509511,0.1962990915244728
0.0,1.3587822804681717,0.11250000000000002,0.0,0.0,0.0,0.0,0.0,0.0,0.0,0.0,0.0,0.0,2.1599999999999997,0.0020412414523193153,0.0,0.0,0.0,0.0,0.0
0.0,0.0,0.5878775382679629,0.0,0.0,0.005773502691896258,0.3766666666666668,0.026666666666666672,0.008660254037844387,0.0,0.0,0.0,0.0020412414523193153,0.0020412414523193153,3.5700000000000007,0.0,0.0,0.0,0.023094010767585032,0.0
0.0,0.0,0.0,1.5662415203282027,0.0,0.0,0.0,0.0,0.0,0.0,0.0,0.0,0.0,0.0,0.0,1.8449999999999998,0.0,0.0,0.0,0.0
0.0,0.0,0.0,0.0,0.0,2.3049999999999997,0.0,0.0,0.0,0.0,0.0,0.0,0.0,0.0,0.0,0.0,5.959999999999999,0.0,0.0,0.0
0.07216053531635457,0.0,0.9439875528840409,0.0,0.0,0.0,0.0,0.0,0.027499999999999997,0.0,0.0,0.0,0.14495689014324223,0.0,0.0,0.0,0.0,0.3899999999999999,0.024999999999999994,1.347219358530748
0.0,0.03207134902949092,0.0,0.039999999999999994,0.0,0.0,0.0,0.0,0.20499999999999996,0.0,0.0,0.0,0.6858935777509511,0.0,0.023094010767585032,0.0,0.0,0.024999999999999998,0.9399999999999997,0.0
0.0894693349967569,0.0,0.8111771282114243,0.0,0.0,0.0,0.0,0.0,0.004082482904638631,0.0,0.0,0.0,0.19629909152447278,0.0,0.0,0.0,0.0,1.347219358530748,0.0,1.3600000000000005
