1,2,3,4,5,6,7,8,9,10,11,12,13,14
0.4291657054978854,0.34156862745098027,0.35784313725490197,0.4521568627450982,0.3638235294117647,0.346078431372549,0.40647058823529414,0.42823529411764705,0.3935294117647059,0.21372549019607848,0.3070588235294118,0.4340196078431372,0.4055882352941177,0.3852941176470588
0.34156862745098027,1.0,0.5,0.37,0.315,0.29,0.28444444444444444,0.37,0.33,0.15,0.21,0.23,0.2,0.19
0.35784313725490197,0.5,1.0,0.39,0.2925,0.26,0.3077777777777778,0.35,0.32,0.16,0.26,0.28,0.265,0.23
0.4521568627450982,0.37,0.39,1.0,0.385,0.37,0.43555555555555553,0.49,0.47,0.18,0.32,0.39,0.375,0.36
0.3638235294117646,0.315,0.2925,0.385,0.80375,0.72,0.3772222222222222,0.39999999999999997,0.365,0.135,0.21000000000000002,0.29125,0.26875000000000004,0.265
0.346078431372549,0.29,0.26,0.37,0.72,1.0,0.36,0.41,0.38,0.13,0.22,0.27,0.25,0.24
0.406470588235294,0.28444444444444444,0.3077777777777778,0.43555555555555553,0.3772222222222222,0.36,0.6222222222222222,0.42555555555555546,0.38999999999999996,0.19000000000000003,0.26222222222222225,0.4338888888888888,0.41666666666666663,0.38
0.42823529411764705,0.37,0.35,0.49,0.39999999999999997,0.41,0.42555555555555546,1.0,0.49,0.18,0.27,0.32,0.315,0.33
0.3935294117647059,0.33,0.32,0.47,0.365,0.38,0.38999999999999996,0.49,1.0,0.13,0.25,0.33999999999999997,0.29500000000000004,0.29
0.21372549019607848,0.15,0.16,0.18,0.135,0.13,0.19000000000000003,0.18,0.13,1.0,0.14,0.28500000000000003,0.26,0.28
0.3070588235294118,0.21,0.26,0.32,0.21000000000000002,0.22,0.26222222222222225,0.27,0.25,0.14,1.0,0.325,0.275,0.23
0.4340196078431373,0.23,0.28,0.39,0.29125,0.27,0.43388888888888894,0.32,0.33999999999999997,0.28500000000000003,0.325,0.87,0.6775,0.63
0.40558823529411764,0.2,0.265,0.375,0.26875000000000004,0.25,0.41666666666666663,0.315,0.29500000000000004,0.26,0.275,0.6775,0.8049999999999999,0.62
0.3852941176470588,0.19,0.23,0.36,0.265,0.24,0.38,0.33,0.29,0.28,0.23,0.63,0.62,1.0
