1,2,3,4,5,6,7,8,9,10,11,12,13,14
0.46468262226847035,0.36096774193548387,0.3432258064516129,0.37354838709677424,0.3316129032258064,0.35258064516129045,0.4081481481481482,0.4048387096774193,0.46411290322580645,0.36193548387096774,0.22693548387096774,0.37311827956989246,0.35032258064516125,0.31161290322580637
0.36096774193548387,1.0,0.52,0.5,0.51,0.52,0.2785185185185185,0.30000000000000004,0.375,0.29,0.16999999999999998,0.2066666666666667,0.24,0.16
0.3432258064516129,0.52,1.0,0.47,0.49,0.52,0.2614814814814815,0.25,0.33499999999999996,0.27,0.16,0.21,0.23,0.16
0.37354838709677424,0.5,0.47,1.0,0.47,0.51,0.3048148148148149,0.28,0.37750000000000006,0.27,0.18,0.26,0.3,0.21
0.3316129032258064,0.51,0.49,0.47,1.0,0.5,0.2577777777777778,0.25,0.32,0.25,0.18,0.20333333333333334,0.23,0.17
0.35258064516129045,0.52,0.52,0.51,0.5,1.0,0.2637037037037037,0.25,0.355,0.29,0.16,0.22,0.23,0.2
0.40814814814814804,0.2785185185185185,0.2614814814814815,0.3048148148148149,0.2577777777777778,0.2637037037037037,0.4718792866941015,0.3783333333333334,0.42240740740740734,0.3277777777777778,0.26962962962962966,0.4561728395061728,0.4088888888888889,0.41
0.40483870967741936,0.30000000000000004,0.25,0.28,0.25,0.25,0.37833333333333335,0.855,0.4175,0.31,0.1775,0.26833333333333337,0.3,0.225
0.4641129032258064,0.375,0.33499999999999996,0.37750000000000006,0.32,0.355,0.4224074074074074,0.4175,0.795,0.4075,0.24125000000000002,0.3433333333333333,0.36750000000000005,0.28250000000000003
0.36193548387096774,0.29,0.27,0.27,0.25,0.29,0.3277777777777778,0.31,0.4075,1.0,0.165,0.2833333333333333,0.28,0.24
0.2269354838709678,0.16999999999999998,0.16,0.18,0.18,0.16,0.26962962962962966,0.1775,0.24125,0.165,0.855,0.325,0.38,0.26
0.37311827956989246,0.2066666666666667,0.21,0.26,0.20333333333333334,0.22,0.4561728395061729,0.2683333333333333,0.3433333333333334,0.2833333333333333,0.32499999999999996,0.7644444444444444,0.44,0.62
0.35032258064516125,0.24,0.23,0.3,0.23,0.23,0.40888888888888886,0.3,0.3675,0.28,0.38,0.44,1.0,0.43
0.3116129032258064,0.16,0.16,0.21,0.17,0.2,0.41000000000000003,0.225,0.2825,0.24,0.26,0.6199999999999999,0.43,1.0
