1,2,3,4,5,6,7,8,9,10,11,12,13,14
18.0625,2.2388925833992124,2.5661883212266385,2.7132342324244694,2.797034590418931,2.8919029202239823,9.067060098153613,2.0428313684687733,6.048454377536698,1.1004726257385957,1.5890445242346105,2.490293657382599,2.1535110865746665,4.785269410736802
2.2388925833992124,0.0,0.63,0.37,0.35,0.36,0.9410382251409721,0.22,0.5934042226244867,0.13,0.19,0.27,0.25,0.4445597072760119
2.5661883212266385,0.63,0.0,0.42,0.38,0.42,1.159320287673672,0.24,0.7559289460184544,0.15,0.22,0.32,0.29,0.5888972745734183
2.7132342324244694,0.37,0.42,0.0,0.46,0.49,1.445512325216545,0.29,0.9562501167133447,0.2,0.28,0.38,0.35,0.715914333795136
2.797034590418931,0.35,0.38,0.46,0.0,0.5,1.4455123252165447,0.3,0.8655386431911303,0.17,0.23,0.38,0.34,0.6524058041842772
2.8919029202239823,0.36,0.42,0.49,0.5,0.0,1.5158476564770813,0.3,0.9675890509036216,0.16,0.25,0.44,0.36,0.7794228634059949
9.067060098153616,0.9410382251409721,1.159320287673672,1.445512325216545,1.4455123252165447,1.5158476564770813,8.470588235294118,1.2369316876852985,4.996923507300781,0.9846946376475121,1.4406616127158183,1.7656593502645044,1.7802114877666846,2.7809562468796285
2.0428313684687733,0.22,0.24,0.29,0.3,0.3,1.2369316876852985,0.0,0.9184536694124221,0.16,0.23,0.36,0.31,0.7967433714816836
6.048454377536697,0.5934042226244867,0.7559289460184544,0.9562501167133447,0.8655386431911303,0.9675890509036216,4.99692350730078,0.9184536694124221,3.0314285714285707,0.7408103670980853,1.0809783928063896,0.9864872745540831,0.9675890509036215,2.2214581226024026
1.1004726257385957,0.13,0.15,0.2,0.17,0.16,0.9846946376475121,0.16,0.7408103670980853,0.0,0.71,0.2,0.16,0.3290896534380867
1.5890445242346105,0.19,0.22,0.28,0.23,0.25,1.4406616127158183,0.23,1.0809783928063896,0.71,0.0,0.29,0.23,0.5080682368868707
2.490293657382599,0.27,0.32,0.38,0.38,0.44,1.7656593502645044,0.36,0.9864872745540831,0.2,0.29,0.0,0.38,0.7851963660978911
2.1535110865746665,0.25,0.29,0.35,0.34,0.36,1.7802114877666841,0.31,0.9675890509036216,0.16,0.23,0.38,0.0,0.6524058041842772
4.785269410736803,0.4445597072760119,0.5888972745734183,0.715914333795136,0.6524058041842773,0.7794228634059949,2.7809562468796276,0.7967433714816836,2.2214581226024026,0.3290896534380867,0.5080682368868707,0.7851963660978911,0.6524058041842772,1.3333333333333337
