1,2,3,4,5,6,7,8,9,10,11,12,13,14
0.46321402483564644,0.344054054054054,0.3629729729729729,0.46243243243243254,0.427027027027027,0.401036036036036,0.4700000000000001,0.4502702702702703,0.17351351351351355,0.3847297297297297,0.27297297297297296,0.32162162162162167,0.2386486486486486,0.3116216216216216
0.344054054054054,1.0,0.5,0.32,0.31,0.2694444444444445,0.32,0.33,0.16,0.27,0.17,0.19800000000000004,0.18,0.22
0.3629729729729729,0.5,1.0,0.3,0.34,0.2783333333333334,0.33,0.38,0.13,0.26,0.23,0.21600000000000003,0.18,0.21
0.46243243243243254,0.32,0.3,1.0,0.46,0.4311111111111111,0.46,0.53,0.12,0.44,0.32,0.3460000000000001,0.25,0.31
0.427027027027027,0.31,0.34,0.46,1.0,0.4005555555555556,0.43,0.49,0.2,0.395,0.26,0.32500000000000007,0.26,0.33
0.40103603603603605,0.2694444444444445,0.2783333333333334,0.4311111111111111,0.4005555555555556,0.5175925925925925,0.40555555555555545,0.4244444444444444,0.2566666666666666,0.4716666666666667,0.33777777777777773,0.44611111111111107,0.3288888888888889,0.44055555555555553
0.4700000000000001,0.32,0.33,0.46,0.43,0.40555555555555545,1.0,0.45,0.16,0.39,0.28,0.31100000000000005,0.24,0.32
0.4502702702702703,0.33,0.38,0.53,0.49,0.4244444444444444,0.45,1.0,0.16,0.445,0.35,0.32600000000000007,0.25,0.34
0.17351351351351355,0.16,0.13,0.12,0.2,0.2566666666666666,0.16,0.16,1.0,0.20500000000000002,0.14,0.257,0.19,0.31
0.38472972972972974,0.27,0.26,0.44,0.395,0.4716666666666666,0.39,0.445,0.20500000000000002,0.8300000000000001,0.405,0.39549999999999996,0.28500000000000003,0.325
0.27297297297297296,0.17,0.23,0.32,0.26,0.33777777777777773,0.28,0.35,0.14,0.405,1.0,0.278,0.21,0.23
0.32162162162162167,0.19800000000000004,0.21600000000000003,0.3460000000000001,0.32500000000000007,0.44611111111111107,0.31100000000000005,0.32600000000000007,0.257,0.3955,0.278,0.6690000000000002,0.475,0.44399999999999995
0.23864864864864865,0.18,0.18,0.25,0.26,0.32888888888888884,0.24,0.25,0.19,0.28500000000000003,0.21,0.4750000000000001,1.0,0.32
0.31162162162162166,0.22,0.21,0.31,0.33,0.44055555555555553,0.32,0.34,0.31,0.325,0.23,0.444,0.32,1.0
