1,2,3,4,5,6,7,8,9,10,11,12,13,14
0.4478889700511323,0.4631081081081081,0.4508108108108108,0.4102702702702703,0.4578378378378379,0.4281081081081082,0.46581081081081077,0.4518243243243243,0.33866454689984105,0.38783783783783776,0.3273873873873874,0.3109009009009009,0.2745945945945946,0.3268918918918919
0.46310810810810815,0.895,0.55,0.5549999999999999,0.445,0.4875,0.46749999999999997,0.5287499999999999,0.375,0.405,0.39166666666666666,0.32666666666666666,0.28,0.36
0.4508108108108108,0.55,1.0,0.5,0.47,0.505,0.505,0.56,0.3758823529411765,0.39,0.3966666666666666,0.36666666666666664,0.33,0.32
0.4102702702702703,0.5549999999999999,0.5,1.0,0.42,0.435,0.43999999999999995,0.4725,0.35294117647058815,0.38,0.3366666666666666,0.31999999999999995,0.25,0.33999999999999997
0.4578378378378379,0.445,0.47,0.42,1.0,0.445,0.435,0.5,0.43,0.63,0.41333333333333333,0.37666666666666665,0.38,0.405
0.4281081081081082,0.4875,0.505,0.435,0.445,0.86,0.51,0.7112499999999999,0.33794117647058824,0.38,0.34833333333333333,0.30499999999999994,0.28500000000000003,0.3275
0.46581081081081077,0.4675,0.505,0.43999999999999995,0.435,0.51,0.89,0.5325,0.3429411764705882,0.375,0.32499999999999996,0.31166666666666665,0.29000000000000004,0.3275
0.4518243243243242,0.52875,0.56,0.4725,0.5,0.7112499999999999,0.5325,0.8,0.36235294117647054,0.4075,0.3575,0.32166666666666666,0.32,0.35625
0.3386645468998411,0.375,0.3758823529411765,0.35294117647058815,0.43,0.3379411764705882,0.3429411764705882,0.3623529411764706,0.5399307958477507,0.4164705882352941,0.4056862745098039,0.4872549019607843,0.49176470588235294,0.4388235294117647
0.38783783783783776,0.405,0.39,0.38,0.63,0.38,0.375,0.4075,0.4164705882352941,1.0,0.4233333333333333,0.3333333333333333,0.33,0.32
0.32738738738738743,0.3916666666666666,0.3966666666666666,0.3366666666666666,0.41333333333333333,0.3483333333333333,0.325,0.3575,0.4056862745098039,0.4233333333333333,0.7155555555555555,0.3277777777777777,0.32,0.31333333333333335
0.31090090090090094,0.32666666666666666,0.36666666666666664,0.31999999999999995,0.37666666666666665,0.305,0.31166666666666665,0.32166666666666666,0.48725490196078425,0.3333333333333333,0.3277777777777777,0.7488888888888888,0.44999999999999996,0.3966666666666666
0.2745945945945946,0.28,0.33,0.25,0.38,0.28500000000000003,0.29000000000000004,0.31999999999999995,0.4917647058823529,0.33,0.31999999999999995,0.44999999999999996,1.0,0.33999999999999997
0.3268918918918919,0.36,0.32,0.33999999999999997,0.405,0.3275,0.3275,0.35624999999999996,0.4388235294117647,0.32,0.31333333333333335,0.3966666666666666,0.33999999999999997,0.85
