1,2,3,4,5,6,7,8,9,10,11,12,13,14
0.4859871441689622,0.4003030303030304,0.36060606060606054,0.3866666666666667,0.440909090909091,0.4372727272727274,0.33749494949494957,0.46106060606060595,0.4869696969696969,0.4630303030303029,0.3673333333333334,0.3931818181818182,0.37787878787878804,0.31626262626262625
0.4003030303030304,1.0,0.53,0.54,0.37,0.31999999999999995,0.2513333333333333,0.405,0.40249999999999997,0.42,0.31600000000000006,0.27,0.3,0.22333333333333333
0.36060606060606054,0.53,1.0,0.47,0.35,0.24,0.21466666666666667,0.33999999999999997,0.33249999999999996,0.36,0.254,0.215,0.27,0.19666666666666668
0.3866666666666667,0.54,0.47,1.0,0.38,0.275,0.2593333333333333,0.385,0.38,0.42,0.29500000000000004,0.27,0.27,0.22999999999999998
0.440909090909091,0.37,0.35,0.38,1.0,0.365,0.316,0.44,0.48,0.5,0.38400000000000006,0.305,0.44,0.29
0.43727272727272726,0.31999999999999995,0.24,0.275,0.365,0.87,0.25766666666666665,0.36,0.38875,0.39,0.28750000000000003,0.35,0.305,0.24333333333333335
0.3374949494949495,0.2513333333333333,0.21466666666666667,0.2593333333333333,0.316,0.2576666666666666,0.5206222222222222,0.4060000000000001,0.3411666666666667,0.332,0.4138,0.4023333333333333,0.2686666666666667,0.47
0.461060606060606,0.405,0.33999999999999997,0.385,0.44,0.36,0.4060000000000001,0.85,0.49875,0.48,0.4795,0.45999999999999996,0.365,0.37333333333333335
0.48696969696969694,0.40249999999999997,0.33249999999999996,0.38,0.48,0.38875,0.3411666666666666,0.49875,0.79375,0.48,0.38725000000000004,0.38,0.41,0.3225
0.4630303030303029,0.42,0.36,0.42,0.5,0.39,0.332,0.48,0.48,1.0,0.404,0.37,0.38,0.31666666666666665
0.3673333333333334,0.31600000000000006,0.254,0.29500000000000004,0.38400000000000006,0.28750000000000003,0.41380000000000006,0.4795,0.38725000000000004,0.404,0.5792,0.40249999999999997,0.29500000000000004,0.39399999999999996
0.3931818181818183,0.27,0.215,0.27,0.305,0.35,0.40233333333333343,0.46,0.38,0.37,0.40249999999999997,0.8200000000000001,0.26,0.37
0.3778787878787879,0.3,0.27,0.27,0.44,0.305,0.2686666666666667,0.365,0.41000000000000003,0.38,0.29500000000000004,0.26,1.0,0.26
0.31626262626262625,0.22333333333333333,0.19666666666666666,0.22999999999999998,0.29,0.24333333333333335,0.4699999999999999,0.37333333333333335,0.3225,0.31666666666666665,0.39399999999999996,0.37,0.26,0.72
