1,2,3,4,5,6,7,8,9,10,11,12,13,14
9.826363636363633,2.0723109629765326,3.5325788931549185,8.907439398938843,2.0552549056680838,2.874910670548975,5.222329678670934,2.195967378462787,1.9593145833080592,1.3538245488581258,2.892650038014319,1.748245874116005,2.989892315887992,1.5307811434332823
2.0723109629765326,0.0,0.7602631123499285,1.9535149576225854,0.42,0.6010407640085653,1.126765281680262,0.49,0.41,0.29,0.6466323014923809,0.37,0.6524058041842772,0.35
3.5325788931549185,0.7602631123499285,2.844,4.280164031661758,0.9123157348199141,1.0720121267970804,2.1908902300206647,0.8362894235849213,0.7289581606649315,0.5947940820149441,1.3787820712498404,0.6752925292049364,1.2419366596838453,0.626099033699941
8.907439398938843,1.9535149576225854,4.280164031661758,12.397241379310344,2.6405877088776775,3.252460341935327,5.136114245247072,2.0259361395116358,2.4474645571735434,1.7808182931179273,3.9743211666437057,1.6396898361033678,3.6022981170549904,2.2469135919423273
2.0552549056680838,0.42,0.9123157348199141,2.6405877088776775,0.0,0.6858935777509511,1.2043324568683962,0.47,0.59,0.67,1.137380030303563,0.38,0.7678758580222024,0.43
2.8749106705489753,0.6010407640085653,1.0720121267970804,3.252460341935327,0.6858935777509511,0.5699999999999998,1.5386384673903526,0.6434671708797581,0.7707463914933368,0.43840620433565947,1.114517832966346,0.4808326112068523,1.3880441875771343,0.5727564927611034
5.222329678670936,1.126765281680262,2.1908902300206647,5.1361142452470725,1.2043324568683962,1.5386384673903526,3.6033333333333344,1.171672593631287,1.0124557603503803,0.796084166404533,1.6899852070358492,0.9879608629225485,1.5768481220460016,0.8818163074019442
2.195967378462787,0.49,0.8362894235849213,2.0259361395116358,0.47,0.6434671708797581,1.171672593631287,0.0,0.41,0.3,0.6985938257194473,0.38,0.7216878364870323,0.36
1.9593145833080592,0.41,0.7289581606649315,2.4474645571735434,0.59,0.7707463914933368,1.0124557603503803,0.41,0.0,0.37,0.7794228634059949,0.36,0.8256108849411649,0.43
1.3538245488581258,0.29,0.5947940820149441,1.7808182931179273,0.67,0.43840620433565947,0.796084166404533,0.3,0.37,0.0,0.7851963660978911,0.24,0.5080682368868707,0.29
2.89265003801432,0.6466323014923809,1.3787820712498406,3.9743211666437053,1.137380030303563,1.114517832966346,1.6899852070358494,0.6985938257194473,0.7794228634059949,0.7851963660978911,1.1400000000000003,0.5022947341949745,1.216666666666667,0.692820323027551
1.748245874116005,0.37,0.6752925292049364,1.6396898361033678,0.38,0.4808326112068523,0.9879608629225485,0.38,0.36,0.24,0.5022947341949745,0.0,0.5022947341949745,0.28
2.9898923158879924,0.6524058041842773,1.2419366596838453,3.602298117054991,0.7678758580222025,1.388044187577134,1.5768481220460013,0.7216878364870323,0.825610884941165,0.5080682368868707,1.216666666666667,0.5022947341949745,1.2000000000000002,0.5773502691896258
1.5307811434332828,0.35,0.6260990336999411,2.2469135919423273,0.43,0.5727564927611034,0.8818163074019443,0.36,0.43,0.29,0.692820323027551,0.28,0.5773502691896258,0.0
