1,2,3,4,5,6,7,8,9,10,11,12,13,14
1.0,0.3327272727272727,0.52,0.51,0.36,0.3176923076923077,0.30000000000000004,0.4,0.38,0.37,0.2,0.26,0.16999999999999998,0.19999999999999998
0.3327272727272727,0.4445144628099173,0.3236363636363637,0.3111363636363637,0.45409090909090905,0.40760489510489517,0.32903409090909097,0.4173863636363636,0.43386363636363634,0.4240909090909091,0.3143181818181819,0.4152272727272727,0.25988636363636364,0.3948295454545455
0.52,0.3236363636363637,1.0,0.49,0.36,0.2784615384615385,0.2475,0.33499999999999996,0.36,0.31,0.22,0.22,0.16,0.2075
0.51,0.3111363636363637,0.49,1.0,0.33,0.2792307692307692,0.2475,0.32,0.33,0.31,0.22,0.27,0.18,0.20999999999999996
0.36,0.45409090909090905,0.36,0.33,1.0,0.4515384615384615,0.37249999999999994,0.505,0.55,0.53,0.29,0.4,0.2,0.37000000000000005
0.3176923076923077,0.40760489510489517,0.2784615384615385,0.2792307692307692,0.4515384615384615,0.557751479289941,0.49865384615384617,0.4969230769230769,0.4392307692307692,0.4438461538461539,0.4046153846153846,0.4938461538461538,0.21846153846153848,0.3425
0.30000000000000004,0.329034090909091,0.2475,0.2475,0.37249999999999994,0.4986538461538462,0.7874999999999999,0.505,0.38,0.4125,0.26,0.37,0.1675,0.24624999999999997
0.4,0.4173863636363636,0.33499999999999996,0.32,0.505,0.49692307692307686,0.505,0.89,0.47,0.505,0.305,0.365,0.225,0.31499999999999995
0.38,0.43386363636363634,0.36,0.33,0.55,0.4392307692307692,0.38,0.47,1.0,0.46,0.3,0.39,0.20500000000000002,0.3225
0.37,0.4240909090909091,0.31,0.31,0.53,0.4438461538461539,0.4125,0.505,0.46,1.0,0.32,0.41,0.21,0.3025
0.2,0.3143181818181819,0.22,0.22,0.29,0.4046153846153846,0.26,0.305,0.3,0.32,1.0,0.44,0.195,0.27999999999999997
0.26,0.4152272727272727,0.22,0.27,0.4,0.4938461538461538,0.37,0.365,0.39,0.41,0.44,1.0,0.29,0.43499999999999994
0.16999999999999998,0.25988636363636364,0.16,0.18,0.2,0.21846153846153848,0.16749999999999998,0.225,0.20500000000000002,0.21,0.195,0.29,0.855,0.315
0.19999999999999998,0.3948295454545455,0.2075,0.21,0.37,0.3425,0.24625,0.315,0.3225,0.3025,0.27999999999999997,0.43499999999999994,0.315,0.6874999999999999
