1,2,3,4,5,6,7,8,9,10,11,12,13,14
0.7056000000000001,0.5680000000000001,0.33622641509433965,0.556,0.5379999999999999,0.35866666666666674,0.36400000000000005,0.264,0.336,0.31400000000000006,0.26533333333333337,0.194,0.29500000000000004,0.398
0.5680000000000001,1.0,0.3060377358490566,0.5,0.51,0.33999999999999997,0.38,0.25,0.29,0.27,0.21000000000000002,0.16,0.27749999999999997,0.33
0.3362264150943396,0.3060377358490566,0.4333001067995727,0.32603773584905654,0.280943396226415,0.3962264150943396,0.4216981132075472,0.37283018867924517,0.42981132075471695,0.4050943396226414,0.41761006289308167,0.30603773584905664,0.4218867924528301,0.441698113207547
0.556,0.5,0.32603773584905654,1.0,0.47,0.3233333333333333,0.37,0.27,0.32,0.29,0.2533333333333333,0.19,0.29500000000000004,0.37
0.5379999999999999,0.51,0.280943396226415,0.47,1.0,0.29,0.31,0.23,0.28,0.26,0.20666666666666667,0.18,0.2425,0.33
0.35866666666666663,0.33999999999999997,0.3962264150943395,0.3233333333333333,0.29,0.7955555555555556,0.45666666666666667,0.3133333333333333,0.37666666666666665,0.36666666666666664,0.31999999999999995,0.2366666666666667,0.4066666666666666,0.44
0.36400000000000005,0.38,0.4216981132075472,0.37,0.31,0.45666666666666667,1.0,0.29,0.37,0.34,0.3133333333333333,0.21,0.42000000000000004,0.44
0.264,0.25,0.37283018867924517,0.27,0.23,0.3133333333333333,0.29,1.0,0.37,0.4,0.37666666666666665,0.24,0.5075000000000001,0.39
0.336,0.29,0.42981132075471695,0.32,0.28,0.37666666666666665,0.37,0.37,1.0,0.66,0.45,0.31,0.37,0.48
0.31400000000000006,0.27,0.4050943396226414,0.29,0.26,0.36666666666666664,0.34,0.4,0.66,1.0,0.38666666666666666,0.26,0.4425,0.47
0.2653333333333333,0.21000000000000002,0.4176100628930817,0.2533333333333333,0.20666666666666667,0.31999999999999995,0.3133333333333333,0.37666666666666665,0.45,0.38666666666666666,0.7822222222222223,0.43999999999999995,0.40166666666666667,0.4166666666666667
0.194,0.16,0.30603773584905664,0.19,0.18,0.2366666666666667,0.21,0.24,0.31,0.26,0.43999999999999995,1.0,0.2775,0.27
0.295,0.27749999999999997,0.4218867924528301,0.29500000000000004,0.2425,0.4066666666666666,0.42000000000000004,0.5075000000000001,0.37,0.4425,0.4016666666666666,0.2775,0.7575000000000001,0.4575
0.398,0.33,0.44169811320754715,0.37,0.33,0.43999999999999995,0.44,0.39,0.48,0.47,0.41666666666666663,0.27,0.4575,1.0
