1,2,3,4,5,6,7,8,9,10,11,12,13,14
0.4301913265306122,0.35214285714285715,0.30982142857142847,0.3044642857142857,0.43160714285714297,0.4007142857142857,0.44321428571428567,0.37633928571428565,0.42392857142857143,0.3816071428571428,0.38982142857142854,0.3391071428571427,0.3964285714285714,0.37047619047619046
0.35214285714285715,1.0,0.53,0.48,0.36,0.37,0.42,0.32999999999999996,0.42,0.32,0.33,0.3,0.33,0.24333333333333332
0.30982142857142847,0.53,1.0,0.49,0.32,0.35,0.36,0.245,0.36,0.25999999999999995,0.28,0.27,0.27,0.1733333333333333
0.3044642857142857,0.48,0.49,1.0,0.32,0.31,0.34,0.245,0.33,0.25,0.28,0.25,0.26,0.16999999999999998
0.43160714285714297,0.36,0.32,0.32,1.0,0.48,0.51,0.47,0.53,0.4166666666666667,0.43,0.39,0.44,0.29666666666666663
0.4007142857142857,0.37,0.35,0.31,0.48,1.0,0.53,0.36,0.5,0.38999999999999996,0.46,0.44,0.38,0.2866666666666667
0.44321428571428567,0.42,0.36,0.34,0.51,0.53,1.0,0.375,0.5,0.4183333333333333,0.47,0.4,0.41,0.32666666666666666
0.3763392857142856,0.32999999999999996,0.245,0.245,0.47,0.36,0.375,0.865,0.39,0.2808333333333333,0.375,0.29500000000000004,0.335,0.22666666666666666
0.42392857142857143,0.42,0.36,0.33,0.53,0.5,0.5,0.39,1.0,0.4083333333333333,0.42,0.38,0.44,0.29333333333333333
0.38160714285714287,0.32,0.25999999999999995,0.25,0.4166666666666667,0.38999999999999996,0.4183333333333333,0.2808333333333333,0.4083333333333333,0.6255555555555555,0.32833333333333337,0.29333333333333333,0.4866666666666667,0.4016666666666666
0.38982142857142854,0.33,0.28,0.28,0.43,0.46,0.47,0.375,0.42,0.32833333333333337,1.0,0.56,0.35,0.27999999999999997
0.3391071428571427,0.3,0.27,0.25,0.39,0.44,0.4,0.29500000000000004,0.38,0.29333333333333333,0.56,1.0,0.31,0.25
0.39642857142857146,0.33,0.27,0.26,0.44,0.38,0.41,0.335,0.44,0.4866666666666667,0.35,0.31,1.0,0.3466666666666666
0.3704761904761904,0.24333333333333332,0.17333333333333334,0.16999999999999998,0.29666666666666663,0.2866666666666667,0.32666666666666666,0.22666666666666666,0.29333333333333333,0.4016666666666666,0.28,0.25,0.3466666666666666,0.7422222222222222
