1,2,3,4,5,6,7,8,9,10,11,12,13,14
0.619506172839506,0.5366666666666666,0.34557870370370364,0.41222222222222227,0.3127777777777777,0.2811111111111111,0.4211111111111111,0.4344444444444445,0.4311111111111111,0.27999999999999997,0.19944444444444442,0.29533333333333334,0.2711111111111111,0.34222222222222215
0.5366666666666666,1.0,0.2764583333333332,0.37,0.26,0.22,0.35333333333333333,0.36,0.35,0.21,0.16,0.234,0.2,0.27
0.3455787037037037,0.2764583333333332,0.44375,0.4008333333333333,0.3963541666666667,0.37250000000000005,0.4660416666666667,0.42437499999999984,0.46520833333333333,0.3835416666666665,0.24468749999999997,0.41179166666666667,0.36000000000000004,0.45666666666666667
0.41222222222222227,0.37,0.4008333333333333,1.0,0.36,0.34,0.47,0.49,0.5,0.31,0.24000000000000002,0.358,0.34,0.43
0.31277777777777777,0.26,0.3963541666666666,0.36,0.885,0.745,0.3983333333333333,0.405,0.425,0.33,0.17,0.28500000000000003,0.28500000000000003,0.395
0.2811111111111111,0.22,0.37250000000000005,0.34,0.745,1.0,0.37333333333333335,0.37,0.38,0.32,0.175,0.262,0.27,0.37
0.4211111111111111,0.35333333333333333,0.46604166666666663,0.47,0.3983333333333333,0.37333333333333335,0.7177777777777777,0.5,0.49666666666666665,0.42333333333333334,0.26166666666666666,0.44666666666666666,0.5033333333333333,0.48333333333333334
0.4344444444444445,0.36,0.42437499999999984,0.49,0.405,0.37,0.5,1.0,0.49,0.35,0.20500000000000002,0.368,0.36,0.47
0.4311111111111111,0.35,0.46520833333333333,0.5,0.425,0.38,0.49666666666666665,0.49,1.0,0.36,0.27,0.382,0.32,0.43
0.27999999999999997,0.21,0.3835416666666665,0.31,0.33,0.32,0.42333333333333334,0.35,0.36,1.0,0.185,0.394,0.33,0.54
0.19944444444444442,0.16,0.24468749999999992,0.24000000000000002,0.16999999999999998,0.175,0.26166666666666666,0.20500000000000002,0.27,0.185,0.855,0.381,0.245,0.21500000000000002
0.29533333333333334,0.234,0.41179166666666667,0.358,0.28500000000000003,0.262,0.4466666666666667,0.368,0.382,0.394,0.381,0.6864000000000001,0.39000000000000007,0.44000000000000006
0.2711111111111111,0.2,0.35999999999999993,0.34,0.28500000000000003,0.27,0.5033333333333333,0.36,0.32,0.33,0.245,0.39000000000000007,1.0,0.35
0.3422222222222222,0.27,0.45666666666666667,0.43,0.395,0.37,0.48333333333333334,0.47,0.43,0.54,0.21500000000000002,0.44,0.35,1.0
