1,2,3,4,5,6,7,8,9,10,11,12,13,14
15.532352941176473,2.2414865078125903,2.028828262235879,2.1454473001327856,2.5913436215033085,2.5313191167034303,4.729930978230393,9.832689014813395,4.391304353101551,4.248011472511371,3.314249316121489,3.593245433462351,2.267211295583966,2.0768478660757816
2.2414865078125903,0.0,0.51,0.52,0.36,0.36,0.5800000000000001,1.0617395674509398,0.5888972745734184,0.5586143571373725,0.36062445840513924,0.42723919920032316,0.25,0.24
2.028828262235879,0.51,0.0,0.5,0.31,0.28,0.48,1.068135588941608,0.5022947341949745,0.47376154339498683,0.35355339059327373,0.39259818304894556,0.26,0.23
2.1454473001327856,0.52,0.5,0.0,0.35,0.25,0.45999999999999996,1.1001156963949497,0.5715767664977296,0.5444722215136415,0.31819805153394637,0.4445597072760119,0.3,0.23
2.5913436215033085,0.36,0.31,0.35,0.0,0.4,0.715,1.5521012150688434,0.8429313930168538,0.714177848998413,0.43133513652379396,0.6466323014923809,0.4,0.34
2.5313191167034303,0.36,0.28,0.25,0.4,0.0,1.415,1.4113887422741405,0.6581793068761734,0.6081118318204308,0.5303300858899106,0.4965212315030782,0.31,0.3
4.729930978230394,0.5800000000000001,0.48,0.45999999999999996,0.715,1.415,2.125,2.589322700138888,1.2701705922171769,1.1631906550518707,0.9652007563196372,0.8717989064763351,0.59,0.5650000000000001
9.832689014813393,1.0617395674509398,1.068135588941608,1.1001156963949497,1.5521012150688434,1.4113887422741405,2.589322700138888,10.265454545454542,2.6341579069577197,2.4965139331038815,2.687973636910762,3.0785181893931104,2.1277431492289915,2.040330855523191
4.391304353101551,0.5888972745734184,0.5022947341949745,0.5715767664977296,0.8429313930168538,0.6581793068761734,1.2701705922171769,2.6341579069577215,1.3866666666666672,1.2655697004379753,0.8205790638323648,0.9300000000000003,0.6408587988004847,0.5369357503463521
4.248011472511372,0.5586143571373725,0.47376154339498683,0.5444722215136415,0.714177848998413,0.6081118318204308,1.1631906550518705,2.4965139331038824,1.2655697004379753,0.7699999999999999,0.7949999999999998,0.9185586535436918,0.5939696961966998,0.551543289325507
3.3142493161214905,0.36062445840513924,0.35355339059327373,0.31819805153394637,0.43133513652379396,0.5303300858899106,0.9652007563196372,2.6879736369107623,0.8205790638323647,0.7949999999999999,0.6399999999999999,0.8328265125462806,0.5798275605729689,0.551543289325507
3.593245433462351,0.42723919920032316,0.39259818304894556,0.4445597072760119,0.6466323014923809,0.4965212315030782,0.8717989064763351,3.078518189393112,0.9300000000000002,0.9185586535436919,0.8328265125462806,1.146666666666667,0.9584014468547789,0.5658032638058333
2.2672112955839663,0.25,0.26,0.3,0.4,0.31,0.59,2.127743149228992,0.6408587988004847,0.5939696961966998,0.5798275605729689,0.9584014468547789,0.0,0.37
2.0768478660757816,0.24,0.23,0.23,0.34,0.3,0.5650000000000001,2.040330855523192,0.5369357503463521,0.551543289325507,0.551543289325507,0.5658032638058333,0.37,0.0
