1,2,3,4,5,6,7,8,9,10,11,12,13,14
18.25121951219512,2.411322883560077,3.0344561934956156,2.4550515368888868,5.1919967139867085,3.9136932840925613,2.9376284611246803,4.546218297993194,2.040774601863163,9.041019809014456,3.290859477030426,2.306686463094711,2.5081506159310125,2.9706080514133713
2.411322883560077,0.0,0.49,0.5,0.61,0.41012193308819755,0.38,0.4792007234273895,0.24041630560342614,0.8752942362428761,0.3464823227814082,0.25,0.25,0.24748737341529162
3.0344561934956156,0.49,0.0,0.52,0.685,0.5798275605729689,0.48,0.6350852961085884,0.3606244584051392,1.3916920157371984,0.5161879502661797,0.38,0.4,0.4384062043356594
2.4550515368888868,0.5,0.52,0.0,0.5700000000000001,0.417193000900063,0.42,0.5022947341949745,0.2545584412271571,1.0534514701684172,0.3889087296526011,0.29,0.27,0.31112698372208086
5.1919967139867085,0.61,0.685,0.5700000000000001,2.1999999999999997,1.050053570062023,0.7650000000000001,1.2297560733739032,0.4666904755831214,2.1404687960039657,0.9050966799187808,0.53,0.595,0.6646803743153546
3.913693284092562,0.41012193308819755,0.5798275605729689,0.417193000900063,1.050053570062023,0.6299999999999999,0.6434671708797581,1.2247448713915892,0.5099999999999999,2.2383595183377785,0.9899999999999999,0.5586143571373725,0.6929646455628166,0.7
2.9376284611246803,0.38,0.48,0.42,0.7650000000000001,0.6434671708797581,0.0,0.692820323027551,0.28991378028648446,1.3942740046346702,0.5727564927611034,0.36,0.42,0.4242640687119285
4.546218297993194,0.4792007234273895,0.6350852961085884,0.5022947341949745,1.229756073373903,1.2247448713915892,0.692820323027551,1.1400000000000003,0.5919600211726014,2.7503636123247412,0.9308061022576077,0.6119912853410033,0.6928203230275509,0.9063112048297759
2.040774601863164,0.24041630560342614,0.3606244584051392,0.2545584412271571,0.4666904755831214,0.5099999999999999,0.28991378028648446,0.5919600211726014,0.7099999999999999,1.7417577328664278,0.5049999999999999,0.2757716446627535,0.3676955262170047,0.59
9.041019809014461,0.8752942362428761,1.3916920157371984,1.0534514701684172,2.1404687960039652,2.2383595183377785,1.3942740046346702,2.7503636123247412,1.741757732866428,6.957333333333332,2.3479040298388116,1.5569393051753815,1.789318305947826,2.7988622688513987
3.290859477030427,0.3464823227814082,0.5161879502661797,0.3889087296526011,0.9050966799187807,0.9899999999999998,0.5727564927611034,0.9308061022576077,0.5049999999999999,2.347904029838811,0.6699999999999999,0.5444722215136416,0.8909545442950497,0.7349999999999999
2.306686463094711,0.25,0.38,0.29,0.53,0.5586143571373725,0.36,0.6119912853410033,0.2757716446627535,1.5569393051753815,0.5444722215136416,0.0,0.45,0.5091168824543142
2.5081506159310125,0.25,0.4,0.27,0.595,0.6929646455628166,0.42,0.692820323027551,0.3676955262170047,1.7893183059478264,0.8909545442950497,0.45,0.0,0.5444722215136415
2.9706080514133726,0.24748737341529162,0.4384062043356594,0.31112698372208086,0.6646803743153546,0.6999999999999997,0.42426406871192845,0.9063112048297759,0.5899999999999999,2.7988622688513987,0.7349999999999999,0.5091168824543142,0.5444722215136415,0.5799999999999998
