1,2,3,4,5,6,7,8,9,10,11,12,13,14
3.508571428571428,6.0030533093375915,1.4211464185146943,1.4476039316253402,1.1149951953772201,1.3267647726348337,2.8379174121343347,0.43465914396061134,1.965824678517051,0.7521493012883621,0.5178113280226413,1.0394023007753748,0.737030722367993,0.5593874200536563
6.003053309337594,17.42054054054054,2.135542845096591,1.948127999568484,2.965757730988646,4.573992381531293,8.782415887945001,1.1096931643111618,5.584018379380683,2.345973548847449,1.5946701768619662,2.8786262677168057,2.216098348876217,1.8297607287086266
1.4211464185146943,2.135542845096591,0.0,0.51,0.39,0.4734272207354932,1.0534514701684172,0.16,0.6940220937885673,0.27,0.19,0.37,0.3,0.21
1.4476039316253402,1.948127999568484,0.51,0.0,0.41,0.3868246803570493,0.9114420808074787,0.13,0.640949816028265,0.25,0.18,0.36,0.23,0.2
1.1149951953772201,2.965757730988646,0.39,0.41,0.0,0.6524058041842772,1.4691516826613467,0.17,0.98387838001791,0.42,0.3,0.49,0.33,0.32
1.3267647726348337,4.573992381531294,0.4734272207354932,0.3868246803570493,0.6524058041842772,1.466666666666667,1.7769286861198328,0.22516660498395408,1.2303657992645933,0.490747728811182,0.35218366420567176,0.6177647880328997,0.4734272207354932,0.3695041722813605
2.837917412134334,8.782415887945001,1.0534514701684172,0.9114420808074787,1.4691516826613467,1.7769286861198328,7.831999999999998,1.1696409705546398,3.927548853929127,2.150796751593852,1.600833116432399,1.590505160842512,1.8151381949225427,2.158542718286267
0.43465914396061134,1.1096931643111618,0.16,0.13,0.17,0.22516660498395408,1.1696409705546398,0.0,0.46948553403344256,0.27,0.19,0.18,0.31,0.21
1.9658246785170514,5.584018379380685,0.6940220937885673,0.640949816028265,0.98387838001791,1.2303657992645929,3.9275488539291277,0.46948553403344256,2.8166666666666673,1.0002083116364644,0.6940220937885672,1.0614455552060438,0.8205790638323648,0.8369089954509193
0.7521493012883621,2.345973548847449,0.27,0.25,0.42,0.490747728811182,2.150796751593852,0.27,1.0002083116364644,0.0,0.75,0.4,0.43,0.49
0.5178113280226413,1.5946701768619662,0.19,0.18,0.3,0.35218366420567176,1.600833116432399,0.19,0.6940220937885672,0.75,0.0,0.27,0.31,0.38
1.0394023007753748,2.8786262677168057,0.37,0.36,0.49,0.6177647880328997,1.590505160842512,0.18,1.0614455552060438,0.4,0.27,0.0,0.36,0.36
0.737030722367993,2.2160983488762165,0.3,0.23,0.33,0.4734272207354932,1.8151381949225427,0.31,0.8205790638323648,0.43,0.31,0.36,0.0,0.43
0.5593874200536563,1.8297607287086266,0.21,0.2,0.32,0.36950417228136057,2.1585427182862666,0.21,0.8369089954509192,0.49,0.38,0.36,0.43,0.0
