1,2,3,4,5,6,7,8,9,10,11,12,13,14
0.6408163265306122,0.31584905660377355,0.5585714285714285,0.4014285714285714,0.31285714285714283,0.26857142857142857,0.3807142857142857,0.3660714285714285,0.4314285714285714,0.2571428571428571,0.32999999999999996,0.15428571428571428,0.22857142857142856,0.18857142857142856
0.31584905660377355,0.4441224635101457,0.32641509433962246,0.44056603773584896,0.39886792452830194,0.365943396226415,0.46028301886792444,0.4219339622641509,0.48207547169811304,0.3892452830188676,0.38811320754716977,0.22377358490566032,0.3026415094339621,0.32056603773584896
0.5585714285714285,0.32641509433962246,1.0,0.4,0.33,0.29500000000000004,0.405,0.395,0.46,0.27,0.33,0.14,0.27,0.18
0.4014285714285714,0.44056603773584896,0.4,1.0,0.41,0.355,0.5,0.53,0.62,0.36,0.47,0.17,0.33,0.3
0.31285714285714283,0.39886792452830194,0.33,0.41,1.0,0.675,0.405,0.42,0.47,0.35,0.38,0.15,0.23,0.23
0.26857142857142857,0.36594339622641503,0.29500000000000004,0.355,0.675,0.8300000000000001,0.375,0.40125,0.43,0.305,0.38,0.14,0.21000000000000002,0.20500000000000002
0.3807142857142857,0.4602830188679246,0.405,0.5,0.405,0.375,0.85,0.48,0.53,0.435,0.405,0.195,0.37,0.29500000000000004
0.36607142857142855,0.4219339622641509,0.395,0.53,0.42,0.40125,0.48,0.7875,0.5575000000000001,0.3425,0.4725,0.18,0.29000000000000004,0.2425
0.4314285714285714,0.48207547169811304,0.46,0.62,0.47,0.43,0.53,0.5575000000000001,1.0,0.41,0.51,0.2,0.33,0.29
0.2571428571428571,0.3892452830188676,0.27,0.36,0.35,0.305,0.435,0.3425,0.41,1.0,0.33,0.14,0.24,0.24
0.32999999999999996,0.38811320754716977,0.33,0.47,0.38,0.38,0.405,0.4725,0.51,0.33,1.0,0.13,0.25,0.23
0.15428571428571428,0.22377358490566032,0.14,0.17,0.15,0.14,0.195,0.18,0.2,0.14,0.13,1.0,0.14,0.19
0.2285714285714286,0.30264150943396223,0.27,0.33,0.23,0.21000000000000002,0.37,0.29000000000000004,0.33,0.24,0.25,0.14,1.0,0.21
0.18857142857142856,0.32056603773584896,0.18,0.3,0.23,0.20500000000000002,0.29500000000000004,0.2425,0.29,0.24,0.23,0.19,0.21,1.0
