1,2,3,4,5,6,7,8,9,10,11,12,13,14
0.4301818181818181,0.4743636363636363,0.3638181818181818,0.32672727272727253,0.44763636363636355,0.4409090909090909,0.37400000000000005,0.4321818181818181,0.3585454545454545,0.35109090909090906,0.3339999999999999,0.3654545454545455,0.3725454545454544,0.27418181818181825
0.4743636363636363,1.0,0.55,0.51,0.56,0.52,0.33,0.55,0.4166666666666667,0.41,0.37,0.35375,0.39,0.27
0.3638181818181818,0.55,1.0,0.51,0.4,0.36,0.28,0.42,0.3233333333333333,0.27,0.27,0.26,0.27,0.18
0.32672727272727253,0.51,0.51,1.0,0.41,0.3,0.21,0.38,0.27666666666666667,0.24,0.22,0.21624999999999997,0.23,0.18
0.44763636363636355,0.56,0.4,0.41,1.0,0.52,0.36,0.55,0.41,0.39,0.38,0.3675,0.39,0.3
0.4409090909090909,0.52,0.36,0.3,0.52,1.0,0.45,0.53,0.4,0.42,0.33,0.3475,0.37,0.25
0.37400000000000005,0.33,0.28,0.21,0.36,0.45,1.0,0.35,0.25,0.24,0.27,0.24375,0.26,0.2
0.4321818181818181,0.55,0.42,0.38,0.55,0.53,0.35,1.0,0.41,0.36,0.36,0.33000000000000007,0.34,0.25
0.3585454545454545,0.4166666666666667,0.3233333333333333,0.27666666666666667,0.41,0.4,0.25,0.41,0.7666666666666666,0.4766666666666667,0.4866666666666666,0.39875,0.41,0.2733333333333333
0.35109090909090906,0.41,0.27,0.24,0.39,0.42,0.24,0.36,0.4766666666666667,1.0,0.37,0.40499999999999997,0.4,0.24
0.3339999999999999,0.37,0.27,0.22,0.38,0.33,0.27,0.36,0.4866666666666666,0.37,1.0,0.41125,0.41,0.31
0.3654545454545454,0.35375,0.26,0.21624999999999997,0.3675,0.3475,0.24375,0.33000000000000007,0.39875,0.40499999999999997,0.41125,0.7075,0.655,0.45
0.3725454545454545,0.39,0.27,0.23,0.39,0.37,0.26,0.34,0.4099999999999999,0.4,0.41,0.6549999999999999,1.0,0.47
0.27418181818181814,0.27,0.18,0.18,0.3,0.25,0.2,0.25,0.2733333333333333,0.24,0.31,0.44999999999999996,0.47,1.0
