1,2,3,4,5,6,7,8,9,10,11,12,13,14
0.6306122448979591,0.5514285714285714,0.5257142857142857,0.6057142857142856,0.352142857142857,0.2757142857142857,0.33224489795918366,0.4164285714285714,0.24857142857142855,0.20285714285714285,0.3228571428571428,0.33,0.25809523809523804,0.21
0.5514285714285714,1.0,0.54,0.6,0.3302173913043479,0.28,0.3342857142857143,0.40249999999999997,0.23,0.17,0.33,0.32,0.23666666666666666,0.22
0.5257142857142857,0.54,1.0,0.55,0.32478260869565223,0.26,0.31,0.38,0.25,0.18,0.29,0.27,0.24333333333333332,0.19
0.6057142857142856,0.6,0.55,1.0,0.33760869565217394,0.24,0.3171428571428571,0.38,0.24,0.185,0.32,0.32,0.24666666666666667,0.21
0.35214285714285715,0.3302173913043479,0.32478260869565223,0.33760869565217394,0.45411153119092623,0.3889130434782607,0.41102484472049683,0.45396739130434777,0.34478260869565214,0.2506521739130435,0.4043478260869564,0.40021739130434775,0.37855072463768114,0.37217391304347824
0.2757142857142857,0.28,0.26,0.24,0.3889130434782607,1.0,0.29285714285714287,0.375,0.27,0.135,0.32,0.28,0.24333333333333335,0.2
0.33224489795918366,0.3342857142857143,0.31,0.3171428571428571,0.4110248447204968,0.29285714285714287,0.6061224489795918,0.41107142857142853,0.3214285714285714,0.2607142857142857,0.5014285714285713,0.5971428571428571,0.42476190476190473,0.39428571428571424
0.4164285714285714,0.40249999999999997,0.38,0.38,0.45396739130434777,0.375,0.41107142857142853,0.79375,0.325,0.23,0.4075,0.41000000000000003,0.31833333333333336,0.2775
0.24857142857142855,0.23,0.25,0.24,0.34478260869565214,0.27,0.3214285714285714,0.325,1.0,0.195,0.36,0.26,0.27999999999999997,0.25
0.20285714285714285,0.17,0.18,0.185,0.2506521739130434,0.135,0.2607142857142857,0.23,0.195,0.855,0.245,0.26,0.30166666666666664,0.295
0.3228571428571428,0.33,0.29,0.32,0.4043478260869564,0.32,0.5014285714285713,0.4075,0.36,0.245,1.0,0.55,0.3433333333333333,0.33
0.33,0.32,0.27,0.32,0.40021739130434775,0.28,0.5971428571428571,0.41000000000000003,0.26,0.26,0.55,1.0,0.4133333333333333,0.4
0.25809523809523804,0.23666666666666664,0.24333333333333332,0.24666666666666665,0.37855072463768114,0.24333333333333335,0.42476190476190473,0.31833333333333336,0.27999999999999997,0.30166666666666664,0.3433333333333333,0.41333333333333333,0.7377777777777776,0.5533333333333332
0.20999999999999996,0.22,0.19,0.21,0.3721739130434783,0.2,0.39428571428571424,0.2775,0.25,0.295,0.33,0.4,0.5533333333333332,1.0
