1,2,3,4,5,6,7,8,9,10,11,12,13,14
2.464,2.9769195487953652,1.2790308831298796,1.2074767078498863,1.265614475264881,0.8988993269549154,3.929798044005145,2.115320306714801,1.2079900661843208,0.903371462909915,0.9749256381899083,0.5881836447913186,0.6216268977449415,1.8241751560636936
2.9769195487953652,4.914,1.324994339610551,1.2522619534266783,1.226963732145331,1.691818548190083,7.504398798926756,4.013984443307063,2.2271237055897903,1.6064370513655368,1.8499324311985017,0.9816338421224076,1.1921786778834789,3.7801985177148225
1.2790308831298796,1.324994339610551,0.0,0.54,0.51,0.4,1.7782725700334392,1.0299999999999998,0.5161879502661796,0.42,0.46,0.24041630560342614,0.27,0.8717989064763352
1.2074767078498863,1.2522619534266783,0.54,0.0,0.51,0.39,1.7454092165831292,0.9566666666666666,0.5232590180780451,0.42,0.43,0.2545584412271571,0.29,0.8602519010925425
1.265614475264881,1.226963732145331,0.51,0.51,0.0,0.41,1.513540000572609,0.8933333333333333,0.4666904755831213,0.38,0.41,0.22627416997969518,0.24,0.7505553499465137
0.8988993269549154,1.691818548190083,0.4,0.39,0.41,0.0,2.395373318155926,1.3266666666666667,0.714177848998413,0.55,0.62,0.282842712474619,0.39,1.275944094909073
3.929798044005145,7.504398798926755,1.7782725700334392,1.7454092165831292,1.513540000572609,2.395373318155926,13.483999999999998,6.46860340413601,3.6418953398837077,2.3314723531136567,2.6747118224835615,1.8654869784232389,1.8622566955175646,6.711934333707386
2.115320306714801,4.013984443307063,1.0299999999999998,0.9566666666666666,0.8933333333333333,1.3266666666666667,6.468603404136012,4.42,1.6074894158974178,1.2933333333333334,1.3766666666666667,1.0960155108391485,1.43,4.527388360895316
1.2079900661843208,2.2271237055897903,0.5161879502661796,0.5232590180780451,0.4666904755831213,0.714177848998413,3.6418953398837077,1.6074894158974178,0.7799999999999998,0.6646803743153546,0.834386001800126,0.4499999999999999,0.48790367901871773,1.6044157815229818
0.903371462909915,1.6064370513655368,0.42,0.42,0.38,0.55,2.3314723531136567,1.2933333333333334,0.6646803743153546,0.0,0.57,0.28991378028648446,0.36,1.1344932789576148
0.9749256381899083,1.8499324311985017,0.46,0.43,0.41,0.62,2.6747118224835615,1.3766666666666667,0.834386001800126,0.57,0.0,0.35355339059327373,0.42,1.3307923704820876
0.5881836447913185,0.9816338421224078,0.24041630560342614,0.2545584412271571,0.22627416997969518,0.282842712474619,1.865486978423239,1.0960155108391487,0.44999999999999996,0.28991378028648446,0.35355339059327373,0.7099999999999999,0.2757716446627535,1.543178537953402
0.6216268977449415,1.1921786778834789,0.27,0.29,0.24,0.39,1.8622566955175643,1.4299999999999997,0.48790367901871773,0.36,0.42,0.2757716446627535,0.0,1.3336791218280357
1.8241751560636936,3.7801985177148225,0.8717989064763351,0.8602519010925426,0.7505553499465137,1.2759440949090732,6.7119343337073865,4.527388360895316,1.6044157815229818,1.1344932789576148,1.3307923704820876,1.5431785379534022,1.3336791218280357,6.751666666666669
