1,2,3,4,5,6,7,8,9,10,11,12,13,14
0.4213674197384065,0.34568965517241373,0.3187931034482759,0.4396551724137931,0.41155172413793095,0.45534482758620703,0.479655172413793,0.4435344827586206,0.3756896551724138,0.24043103448275865,0.3850862068965517,0.39862068965517233,0.338103448275862,0.3679310344827586
0.34568965517241373,1.0,0.51,0.39,0.37,0.37,0.43,0.385,0.27,0.18,0.245,0.27,0.2,0.3
0.3187931034482759,0.51,1.0,0.41,0.32,0.34,0.41,0.365,0.22,0.16,0.22,0.2,0.185,0.23
0.4396551724137931,0.39,0.41,1.0,0.48,0.53,0.62,0.56,0.36,0.2,0.38,0.38,0.325,0.33
0.41155172413793095,0.37,0.32,0.48,1.0,0.78,0.56,0.51,0.29,0.20500000000000002,0.305,0.31,0.26,0.31
0.45534482758620703,0.37,0.34,0.53,0.78,1.0,0.62,0.5575,0.34,0.245,0.37,0.39,0.3,0.37
0.479655172413793,0.43,0.41,0.62,0.56,0.62,1.0,0.59,0.41,0.25,0.41000000000000003,0.38,0.335,0.41
0.4435344827586208,0.385,0.365,0.56,0.51,0.5575,0.59,0.7987500000000001,0.36250000000000004,0.24750000000000003,0.355,0.34750000000000003,0.305,0.375
0.3756896551724138,0.27,0.22,0.36,0.29,0.34,0.41,0.36250000000000004,1.0,0.185,0.355,0.39,0.33,0.36
0.2404310344827586,0.18,0.16,0.2,0.20500000000000002,0.245,0.25,0.2475,0.185,0.855,0.34750000000000003,0.305,0.2625,0.38
0.3850862068965517,0.245,0.22,0.38,0.305,0.37,0.41000000000000003,0.355,0.355,0.34750000000000003,0.835,0.59,0.5974999999999999,0.445
0.39862068965517233,0.27,0.2,0.38,0.31,0.39,0.38,0.34750000000000003,0.39,0.305,0.59,1.0,0.56,0.43
0.33810344827586203,0.2,0.185,0.325,0.26,0.3,0.335,0.305,0.33,0.2625,0.5974999999999999,0.56,0.8,0.38
0.3679310344827586,0.3,0.23,0.33,0.31,0.37,0.41,0.375,0.36,0.38,0.445,0.43,0.38,1.0
