1,2,3,4,5,6,7,8,9,10,11,12,13,14
11.107826086956523,2.1977419241615683,1.907906888622234,2.260296248378691,2.460470085873483,10.903313144572346,2.122676735101021,4.277309360137381,2.393745473375218,1.9266731858873707,0.8736753948991434,2.931395522638481,1.5576026730063486,2.053866978462186
2.1977419241615683,0.0,0.48,0.36,0.42,1.77632456138185,0.33,0.692820323027551,0.41,0.3,0.14,0.5311622476544559,0.24,0.28
1.907906888622234,0.48,0.0,0.32,0.34,1.4891926459804004,0.29,0.5831237718815221,0.3,0.25,0.16,0.39259818304894556,0.2,0.25
2.260296248378691,0.36,0.32,0.0,0.51,2.4949654569911277,0.5,0.8025168741735799,0.44,0.39,0.12,0.692820323027551,0.35,0.48
2.460470085873483,0.42,0.34,0.51,0.0,2.3960103901013627,0.46,0.9122134253196088,0.5,0.4,0.18,0.6985938257194473,0.36,0.47
10.90331314457235,1.77632456138185,1.4891926459804004,2.4949654569911277,2.3960103901013627,15.653157894736845,2.8486081550561906,4.179045891277518,2.262988824774138,1.836346487200232,1.414570792260249,3.845621342354436,2.663675734967121,2.7950750860830382
2.122676735101021,0.33,0.29,0.5,0.46,2.8486081550561906,0.0,0.8371578903249575,0.45,0.32,0.21,0.715914333795136,0.41,0.58
4.277309360137381,0.692820323027551,0.5831237718815221,0.8025168741735799,0.9122134253196088,4.179045891277519,0.8371578903249575,1.4800000000000004,1.229756073373903,0.7101408311032398,0.33486315612998296,1.1000000000000003,0.6004442799572108,0.7736493607140986
2.393745473375218,0.41,0.3,0.44,0.5,2.262988824774138,0.45,1.229756073373903,0.0,0.41,0.18,0.6004442799572108,0.34,0.42
1.9266731858873707,0.3,0.25,0.39,0.4,1.836346487200232,0.32,0.7101408311032398,0.41,0.0,0.13,0.43301270189221935,0.27,0.38
0.8736753948991434,0.14,0.16,0.12,0.18,1.414570792260249,0.21,0.33486315612998296,0.18,0.13,0.0,0.2886751345948129,0.28,0.2
2.93139552263848,0.5311622476544559,0.39259818304894556,0.692820323027551,0.6985938257194473,3.8456213423544368,0.715914333795136,1.1000000000000005,0.6004442799572108,0.43301270189221935,0.2886751345948129,1.146666666666667,0.5715767664977296,0.5600297611139371
1.5576026730063486,0.24,0.2,0.35,0.36,2.6636757349671214,0.41,0.600444279957211,0.34,0.27,0.28,0.5715767664977296,0.0,0.41
2.053866978462186,0.28,0.25,0.48,0.47,2.7950750860830382,0.58,0.7736493607140986,0.42,0.38,0.2,0.5600297611139371,0.41,0.0
