1,2,3,4,5,6,7,8,9,10,11,12,13,14
20.770980392156858,2.4574915474691563,2.1788358107475836,2.276855416629544,2.8775755726775607,3.1660332699873295,9.000946889186757,4.360609779269272,2.4630926678052694,4.444061102749075,3.128225707718572,3.0946189857018997,3.6585951712988107,2.465893227973326
2.4574915474691563,0.0,0.47,0.51,0.38,0.39,0.9613324086911873,0.5303300858899106,0.27,0.5253887449625595,0.34,0.37,0.3959797974644666,0.21
2.1788358107475836,0.47,0.0,0.5,0.31,0.34,0.8316790246242838,0.4384062043356594,0.25,0.41569219381653066,0.26,0.33,0.31819805153394637,0.17
2.276855416629544,0.51,0.5,0.0,0.35,0.38,0.8474904129251255,0.47376154339498683,0.29,0.46188021535170065,0.28,0.36,0.31112698372208086,0.2
2.8775755726775607,0.38,0.31,0.35,0.0,0.53,1.1890164002233108,0.6576093065034891,0.44,0.6870468203356548,0.38,0.43,0.4666904755831213,0.27
3.1660332699873295,0.39,0.34,0.38,0.53,0.0,1.2965338406690354,0.700035713374682,0.4,0.715914333795136,0.47,0.53,0.49497474683058323,0.32
9.000946889186757,0.9613324086911873,0.8316790246242838,0.8474904129251255,1.1890164002233108,1.2965338406690354,4.338,1.6815231190798416,0.9644946863513556,2.550561376115724,1.4799459449588015,1.441998613036781,1.7374248185173362,1.3060206736495406
4.360609779269272,0.5303300858899106,0.4384062043356594,0.47376154339498683,0.6576093065034891,0.700035713374682,1.6815231190798419,0.7199999999999999,0.5586143571373725,0.9103936877344145,0.5939696961966998,0.6858935777509511,0.6549999999999999,0.3676955262170047
2.4630926678052694,0.27,0.25,0.29,0.44,0.4,0.9644946863513556,0.5586143571373725,0.0,0.4676537180435969,0.35,0.37,0.38183766184073564,0.24
4.4440611027490755,0.5253887449625595,0.41569219381653066,0.46188021535170065,0.6870468203356548,0.715914333795136,2.550561376115724,0.9103936877344145,0.4676537180435969,1.2333333333333336,0.6408587988004847,0.7447818472546173,0.7756717518813397,0.5715767664977296
3.128225707718572,0.34,0.26,0.28,0.38,0.47,1.4799459449588015,0.5939696961966998,0.35,0.6408587988004847,0.0,0.48,0.5939696961966998,0.36
3.0946189857018997,0.37,0.33,0.36,0.43,0.53,1.441998613036781,0.6858935777509511,0.37,0.7447818472546173,0.48,0.0,0.5161879502661796,0.36
3.658595171298811,0.39597979746446654,0.3181980515339463,0.31112698372208086,0.4666904755831214,0.4949747468305832,1.7374248185173364,0.6549999999999999,0.38183766184073564,0.7756717518813399,0.5939696961966998,0.5161879502661797,0.6999999999999998,0.6222539674441618
2.465893227973325,0.21,0.17,0.2,0.27,0.32,1.3060206736495408,0.3676955262170047,0.24,0.5715767664977296,0.36,0.36,0.6222539674441618,0.0
