1,2,3,4,5,6,7,8,9,10,11,12,13,14
0.44428571428571423,0.3545238095238096,0.46380952380952395,0.39261904761904765,0.39452380952380955,0.36211779448621556,0.44273809523809526,0.415,0.5176190476190476,0.34261904761904766,0.3724603174603175,0.39809523809523806,0.34119047619047627,0.2841666666666666
0.3545238095238096,1.0,0.38,0.21,0.25,0.2431578947368421,0.35,0.29,0.45,0.29,0.2633333333333333,0.25,0.23,0.185
0.46380952380952395,0.38,1.0,0.35,0.38,0.3873684210526316,0.515,0.45,0.61,0.4,0.38666666666666666,0.41,0.37,0.31
0.39261904761904765,0.21,0.35,1.0,0.69,0.2910526315789474,0.38,0.3,0.4,0.3,0.30666666666666664,0.34,0.24,0.21000000000000002
0.39452380952380955,0.25,0.38,0.69,1.0,0.30684210526315786,0.405,0.36,0.41,0.3,0.2866666666666666,0.31,0.24,0.225
0.36211779448621545,0.2431578947368421,0.3873684210526316,0.2910526315789474,0.30684210526315786,0.5129085872576178,0.3728947368421053,0.4726315789473685,0.43894736842105264,0.29789473684210527,0.4019298245614035,0.38157894736842096,0.54,0.4684210526315789
0.4427380952380952,0.35,0.515,0.38,0.405,0.3728947368421052,0.895,0.425,0.565,0.645,0.37,0.395,0.32,0.29500000000000004
0.415,0.29,0.45,0.3,0.36,0.4726315789473685,0.425,1.0,0.5,0.36,0.5166666666666666,0.44,0.5,0.45499999999999996
0.5176190476190476,0.45,0.61,0.4,0.41,0.43894736842105264,0.565,0.5,1.0,0.46,0.42333333333333334,0.48,0.42,0.32
0.34261904761904766,0.29,0.4,0.3,0.3,0.29789473684210527,0.645,0.36,0.46,1.0,0.29333333333333333,0.31,0.26,0.245
0.3724603174603174,0.2633333333333333,0.38666666666666666,0.30666666666666664,0.2866666666666666,0.40192982456140347,0.37,0.5166666666666666,0.42333333333333334,0.29333333333333333,0.762222222222222,0.5599999999999999,0.4533333333333333,0.37
0.39809523809523806,0.25,0.41,0.34,0.31,0.38157894736842096,0.395,0.44,0.48,0.31,0.5599999999999999,1.0,0.4,0.32
0.34119047619047627,0.23,0.37,0.24,0.24,0.5399999999999999,0.32,0.5,0.42,0.26,0.45333333333333325,0.4,1.0,0.62
0.2841666666666667,0.185,0.31,0.21000000000000002,0.225,0.46842105263157896,0.29500000000000004,0.45499999999999996,0.32,0.245,0.37,0.32,0.62,0.8
