1,2,3,4,5,6,7,8,9,10,11,12,13,14
16.13891891891892,2.092799108397198,2.207878399510949,2.812866672794663,2.5975039994246445,10.349527277362233,2.858898389240164,2.7388871285072525,1.0554414985003937,3.309570275036535,1.6604297717841088,6.186515414429432,1.4516430579063053,1.8955203236307694
2.092799108397198,0.0,0.5,0.32,0.31,1.143155962918252,0.32,0.33,0.16,0.38183766184073564,0.17,0.6261309767133392,0.18,0.22
2.207878399510949,0.5,0.0,0.3,0.34,1.1808683245815346,0.33,0.38,0.13,0.3676955262170047,0.23,0.6830519745963699,0.18,0.21
2.812866672794663,0.32,0.3,0.0,0.46,1.829049540669203,0.46,0.53,0.12,0.6222539674441617,0.32,1.0941480704182591,0.25,0.31
2.5975039994246445,0.31,0.34,0.46,0.0,1.6994132974516691,0.43,0.49,0.2,0.5586143571373725,0.26,1.0277402395547233,0.26,0.33
10.34952727736223,1.143155962918252,1.1808683245815346,1.829049540669203,1.6994132974516691,8.316666666666668,1.720626500887266,1.800765269421741,1.0889444430272834,2.83,1.4330697432047366,5.985208619774439,1.3953573815414537,1.8691189249364408
2.858898389240164,0.32,0.33,0.46,0.43,1.720626500887266,0.0,0.45,0.16,0.551543289325507,0.28,0.9834683523123661,0.24,0.32
2.7388871285072525,0.33,0.38,0.53,0.49,1.800765269421741,0.45,0.0,0.16,0.6293250352560272,0.35,1.0309025172148918,0.25,0.34
1.0554414985003937,0.16,0.13,0.12,0.2,1.0889444430272834,0.16,0.16,0.0,0.28991378028648446,0.14,0.8127053586632734,0.19,0.31
3.309570275036534,0.38183766184073564,0.3676955262170047,0.6222539674441617,0.5586143571373725,2.8299999999999996,0.551543289325507,0.6293250352560272,0.28991378028648446,0.6599999999999999,0.5727564927611034,1.7687297702023337,0.40305086527633205,0.4596194077712559
1.6604297717841088,0.17,0.23,0.32,0.26,1.4330697432047366,0.28,0.35,0.14,0.5727564927611034,0.0,0.8791131895268095,0.21,0.23
6.186515414429435,0.6261309767133392,0.6830519745963699,1.0941480704182591,1.0277402395547233,5.985208619774437,0.9834683523123661,1.0309025172148918,0.8127053586632734,1.7687297702023335,0.8791131895268095,5.690000000000001,1.5020818885799805,1.4040512811147605
1.4516430579063049,0.18,0.18,0.25,0.26,1.395357381541454,0.24,0.25,0.19,0.40305086527633205,0.21,1.5020818885799803,0.0,0.32
1.8955203236307696,0.22,0.21,0.31,0.33,1.8691189249364406,0.32,0.34,0.31,0.4596194077712559,0.23,1.4040512811147605,0.32,0.0
