1,2,3,4,5,6,7,8,9,10,11,12,13,14
0.4762629757785467,0.4738235294117646,0.363235294117647,0.34617647058823525,0.4770588235294117,0.4147058823529411,0.42558823529411766,0.3877941176470588,0.35856862745098045,0.4894852941176471,0.3194117647058823,0.3585294117647059,0.3064215686274509,0.36551470588235285
0.4738235294117646,1.0,0.49,0.48,0.54,0.33,0.31,0.3633333333333333,0.3733333333333333,0.51,0.3,0.31,0.3316666666666666,0.39
0.363235294117647,0.49,1.0,0.49,0.36,0.23,0.24,0.22166666666666668,0.23600000000000004,0.3425,0.22,0.21,0.21666666666666665,0.255
0.34617647058823525,0.48,0.49,1.0,0.33,0.22,0.26,0.245,0.23466666666666666,0.3325,0.22,0.23,0.2183333333333333,0.24500000000000002
0.4770588235294117,0.54,0.36,0.33,1.0,0.36,0.35,0.4116666666666667,0.40266666666666673,0.56,0.29,0.36,0.3083333333333333,0.41
0.4147058823529411,0.33,0.23,0.22,0.36,1.0,0.64,0.3283333333333333,0.2626666666666667,0.37249999999999994,0.27,0.29,0.21833333333333332,0.2675
0.42558823529411766,0.31,0.24,0.26,0.35,0.64,1.0,0.33,0.294,0.4175,0.26,0.29,0.24666666666666665,0.275
0.3877941176470589,0.3633333333333333,0.22166666666666668,0.245,0.4116666666666667,0.3283333333333333,0.33,0.5916666666666666,0.4362222222222222,0.3995833333333333,0.425,0.4799999999999999,0.3838888888888888,0.36083333333333334
0.3585686274509804,0.3733333333333333,0.23600000000000004,0.23466666666666666,0.40266666666666673,0.2626666666666667,0.294,0.4362222222222222,0.571288888888889,0.3748333333333333,0.31599999999999995,0.376,0.43222222222222223,0.44716666666666666
0.4894852941176471,0.51,0.3425,0.3325,0.56,0.37249999999999994,0.4175,0.39958333333333335,0.3748333333333333,0.8,0.3325,0.37249999999999994,0.33083333333333337,0.38625
0.3194117647058823,0.3,0.22,0.22,0.29,0.27,0.26,0.425,0.31599999999999995,0.3325,1.0,0.44,0.28,0.27
0.3585294117647059,0.31,0.21,0.23,0.36,0.29,0.29,0.4799999999999999,0.376,0.37249999999999994,0.44,1.0,0.32666666666666666,0.3325
0.30642156862745096,0.33166666666666667,0.21666666666666665,0.21833333333333332,0.30833333333333335,0.21833333333333332,0.24666666666666665,0.38388888888888884,0.4322222222222222,0.3308333333333333,0.28,0.32666666666666666,0.5972222222222221,0.32791666666666663
0.3655147058823529,0.39,0.255,0.24500000000000002,0.41,0.2675,0.275,0.36083333333333334,0.44716666666666666,0.38625,0.27,0.3325,0.32791666666666663,0.71875
