1,2,3,4,5,6,7,8,9,10,11,12,13,14
0.6244897959183672,0.5385714285714285,0.5671428571428571,0.6057142857142856,0.32126050420168073,0.36142857142857143,0.3117142857142857,0.44000000000000006,0.41714285714285715,0.2642857142857143,0.30428571428571427,0.29000000000000004,0.3142857142857142,0.3942857142857143
0.5385714285714285,1.0,0.49,0.57,0.2896078431372548,0.33,0.278,0.395,0.38,0.25,0.29,0.25,0.3,0.33
0.5671428571428571,0.49,1.0,0.58,0.4354901960784314,0.52,0.42400000000000004,0.585,0.55,0.35,0.41,0.41,0.44666666666666666,0.51
0.6057142857142856,0.57,0.58,1.0,0.3168627450980392,0.37,0.318,0.445,0.42,0.28,0.31,0.29,0.3366666666666666,0.39
0.3212605042016807,0.2896078431372548,0.4354901960784314,0.3168627450980392,0.42606689734717407,0.4231372549019608,0.4041960784313726,0.46598039215686293,0.4090196078431373,0.35607843137254896,0.33568627450980404,0.3658823529411765,0.42196078431372547,0.42725490196078436
0.36142857142857143,0.33,0.52,0.37,0.4231372549019608,1.0,0.44600000000000006,0.5549999999999999,0.53,0.36,0.39,0.42,0.4766666666666666,0.48
0.3117142857142857,0.278,0.42400000000000004,0.318,0.4041960784313726,0.44600000000000006,0.6432000000000001,0.497,0.42000000000000004,0.528,0.318,0.382,0.5640000000000001,0.45799999999999996
0.44,0.395,0.585,0.445,0.46598039215686266,0.5549999999999999,0.497,0.835,0.525,0.44999999999999996,0.41000000000000003,0.43,0.5066666666666666,0.6399999999999999
0.41714285714285715,0.38,0.55,0.42,0.4090196078431373,0.53,0.42000000000000004,0.525,1.0,0.35,0.38,0.36,0.4533333333333333,0.47
0.2642857142857143,0.25,0.35,0.28,0.35607843137254896,0.36,0.528,0.44999999999999996,0.35,1.0,0.24,0.32,0.51,0.39
0.30428571428571427,0.29,0.41,0.31,0.33568627450980404,0.39,0.318,0.41000000000000003,0.38,0.24,1.0,0.27,0.35666666666666663,0.37
0.29000000000000004,0.25,0.41,0.29,0.3658823529411765,0.42,0.382,0.43,0.36,0.32,0.27,1.0,0.38,0.4
0.3142857142857142,0.29999999999999993,0.44666666666666666,0.33666666666666667,0.42196078431372547,0.4766666666666666,0.5640000000000001,0.5066666666666666,0.45333333333333325,0.51,0.35666666666666663,0.37999999999999995,0.8066666666666665,0.4733333333333333
0.39428571428571424,0.33,0.51,0.39,0.4272549019607843,0.48,0.458,0.6399999999999999,0.47,0.39,0.37,0.4,0.4733333333333333,1.0
