1,2,3,4,5,6,7,8,9,10,11,12,13,14
0.46976331360946755,0.4696153846153846,0.42769230769230776,0.45307692307692304,0.46346153846153854,0.3863230769230769,0.4469871794871794,0.3457692307692308,0.26615384615384613,0.30769230769230765,0.29128205128205126,0.2831410256410256,0.29423076923076924,0.32076923076923075
0.4696153846153846,1.0,0.56,0.54,0.45,0.4136000000000001,0.49333333333333335,0.37,0.3133333333333333,0.33,0.31,0.3183333333333333,0.34,0.36
0.42769230769230776,0.56,1.0,0.42,0.37,0.3340000000000001,0.3766666666666667,0.31,0.24333333333333332,0.26,0.24666666666666667,0.23833333333333334,0.26,0.29
0.45307692307692304,0.54,0.42,1.0,0.52,0.44480000000000003,0.5416666666666666,0.36,0.2733333333333333,0.38,0.36666666666666664,0.3533333333333334,0.31,0.33
0.46346153846153854,0.45,0.37,0.52,1.0,0.4444,0.45166666666666666,0.39,0.23999999999999996,0.33,0.3333333333333333,0.33333333333333326,0.31,0.32
0.38632307692307694,0.4136000000000001,0.3340000000000001,0.44480000000000003,0.4444,0.498048,0.43066666666666675,0.35159999999999997,0.3442666666666666,0.402,0.40413333333333334,0.4132666666666666,0.388,0.3908000000000001
0.4469871794871795,0.49333333333333335,0.3766666666666667,0.5416666666666666,0.45166666666666666,0.43066666666666653,0.767222222222222,0.4033333333333333,0.29722222222222217,0.31333333333333335,0.31611111111111106,0.31999999999999995,0.3333333333333333,0.36
0.3457692307692308,0.37,0.31,0.36,0.39,0.35159999999999997,0.4033333333333333,1.0,0.21666666666666667,0.23,0.25666666666666665,0.26166666666666666,0.26,0.28
0.26615384615384613,0.3133333333333333,0.24333333333333332,0.2733333333333333,0.23999999999999996,0.3442666666666667,0.29722222222222217,0.21666666666666667,0.72,0.31666666666666665,0.3766666666666666,0.3983333333333333,0.5066666666666667,0.5
0.30769230769230765,0.33,0.26,0.38,0.33,0.402,0.31333333333333335,0.23,0.31666666666666665,1.0,0.37,0.37999999999999995,0.29,0.32
0.29128205128205126,0.31,0.24666666666666667,0.36666666666666664,0.3333333333333333,0.4041333333333333,0.3161111111111111,0.25666666666666665,0.3766666666666666,0.37,0.7488888888888888,0.5338888888888889,0.4033333333333333,0.38999999999999996
0.28314102564102567,0.3183333333333333,0.23833333333333334,0.3533333333333334,0.33333333333333326,0.4132666666666666,0.31999999999999995,0.26166666666666666,0.3983333333333333,0.37999999999999995,0.5338888888888887,0.6938888888888888,0.4316666666666667,0.4083333333333333
0.29423076923076924,0.34,0.26,0.31,0.31,0.388,0.3333333333333333,0.26,0.5066666666666666,0.29,0.4033333333333333,0.4316666666666667,1.0,0.7
0.3207692307692308,0.36,0.29,0.33,0.32,0.39080000000000004,0.36,0.28,0.5,0.32,0.38999999999999996,0.4083333333333333,0.7,1.0
