1,2,3,4,5,6,7,8,9,10,11,12,13,14
0.4921074380165289,0.4418181818181819,0.3368181818181819,0.35264890282131656,0.43818181818181823,0.43340909090909097,0.45454545454545453,0.4681818181818182,0.41772727272727267,0.28863636363636364,0.356060606060606,0.3727272727272728,0.36803030303030304,0.32636363636363636
0.4418181818181819,1.0,0.34,0.36275862068965514,0.42,0.42500000000000004,0.45999999999999996,0.49,0.41,0.29,0.3733333333333333,0.37,0.37666666666666665,0.35
0.3368181818181818,0.34,0.7688,0.3554482758620689,0.40800000000000003,0.3390000000000001,0.4,0.374,0.326,0.26600000000000007,0.356,0.30200000000000005,0.32066666666666666,0.28
0.35264890282131667,0.36275862068965514,0.355448275862069,0.46197384066587405,0.49034482758620684,0.4270689655172414,0.389367816091954,0.3762068965517241,0.4544827586206897,0.3306896551724137,0.42609195402298855,0.3044827586206897,0.3862068965517241,0.4172413793103449
0.43818181818181823,0.42,0.40800000000000003,0.49034482758620684,1.0,0.485,0.4916666666666667,0.47,0.59,0.67,0.6566666666666667,0.38,0.4433333333333333,0.43
0.4334090909090909,0.42500000000000004,0.339,0.42706896551724133,0.485,0.7849999999999999,0.4441666666666666,0.45499999999999996,0.545,0.31,0.455,0.33999999999999997,0.5666666666666667,0.405
0.45454545454545453,0.45999999999999996,0.4,0.3893678160919539,0.4916666666666667,0.44416666666666665,0.767222222222222,0.47833333333333333,0.41333333333333333,0.325,0.3983333333333333,0.4033333333333333,0.37166666666666665,0.36
0.4681818181818182,0.49,0.374,0.3762068965517241,0.47,0.45499999999999996,0.47833333333333333,1.0,0.41,0.3,0.4033333333333333,0.38,0.41666666666666663,0.36
0.41772727272727267,0.41,0.326,0.4544827586206897,0.59,0.545,0.41333333333333333,0.41,1.0,0.37,0.44999999999999996,0.36,0.4766666666666666,0.43
0.28863636363636364,0.29,0.26600000000000007,0.3306896551724137,0.67,0.31,0.325,0.3,0.37,1.0,0.4533333333333333,0.24,0.29333333333333333,0.29
0.356060606060606,0.3733333333333333,0.356,0.42609195402298855,0.6566666666666667,0.455,0.3983333333333333,0.4033333333333333,0.44999999999999996,0.4533333333333333,0.7133333333333333,0.29,0.40555555555555556,0.39999999999999997
0.3727272727272728,0.37,0.30200000000000005,0.3044827586206897,0.38,0.33999999999999997,0.4033333333333333,0.38,0.36,0.24,0.29,1.0,0.29,0.28
0.36803030303030304,0.37666666666666665,0.32066666666666666,0.3862068965517241,0.44333333333333336,0.5666666666666667,0.3716666666666666,0.41666666666666663,0.4766666666666667,0.29333333333333333,0.40555555555555545,0.29,0.7333333333333333,0.3333333333333333
0.32636363636363636,0.35,0.27999999999999997,0.41724137931034483,0.43,0.405,0.36,0.36,0.43,0.29,0.4,0.28,0.3333333333333333,1.0
