1,2,3,4,5,6,7,8,9,10,11,12,13,14
0.44785009861932945,0.37972756410256403,0.4215384615384616,0.3384615384615384,0.4690598290598291,0.41153846153846146,0.4594871794871795,0.3351282051282051,0.40435897435897444,0.3924786324786324,0.3264102564102565,0.33499999999999996,0.2643589743589744,0.3900000000000001
0.37972756410256414,0.51890625,0.365,0.3334375,0.4222916666666667,0.36624999999999996,0.41875,0.31375,0.33874999999999994,0.44333333333333336,0.408125,0.51875,0.39875,0.370625
0.4215384615384616,0.365,1.0,0.35666666666666663,0.45666666666666667,0.46,0.5,0.3,0.46,0.39666666666666667,0.33,0.30000000000000004,0.22,0.33
0.33846153846153854,0.3334375,0.35666666666666663,0.762222222222222,0.4066666666666666,0.4966666666666667,0.4933333333333334,0.26166666666666666,0.365,0.32222222222222224,0.26666666666666666,0.23500000000000001,0.20166666666666666,0.3416666666666667
0.469059829059829,0.4222916666666667,0.45666666666666667,0.4066666666666667,0.72,0.49999999999999994,0.57,0.35333333333333333,0.4766666666666667,0.44,0.3433333333333333,0.35333333333333333,0.27666666666666667,0.43333333333333335
0.41153846153846146,0.36624999999999996,0.46,0.4966666666666667,0.49999999999999994,1.0,0.78,0.3,0.46,0.35333333333333333,0.27,0.275,0.21,0.39
0.4594871794871795,0.41875,0.5,0.4933333333333334,0.57,0.78,1.0,0.31,0.48,0.41,0.31,0.315,0.24,0.44
0.3351282051282051,0.31375,0.3,0.26166666666666666,0.35333333333333333,0.3,0.31,1.0,0.27,0.29666666666666663,0.25,0.27,0.21,0.45
0.40435897435897444,0.33874999999999994,0.46,0.365,0.4766666666666667,0.46,0.48,0.27,1.0,0.3533333333333333,0.28,0.27,0.23,0.38
0.39247863247863246,0.44333333333333336,0.39666666666666667,0.3222222222222222,0.44,0.35333333333333333,0.41,0.29666666666666663,0.3533333333333333,0.7555555555555554,0.57,0.4033333333333333,0.29,0.3433333333333333
0.3264102564102565,0.408125,0.33,0.26666666666666666,0.3433333333333333,0.27,0.31,0.25,0.28,0.57,1.0,0.4,0.31,0.26
0.3350000000000001,0.5187499999999999,0.30000000000000004,0.23500000000000001,0.35333333333333333,0.275,0.315,0.27,0.27,0.4033333333333333,0.4,0.81,0.42000000000000004,0.32
0.2643589743589744,0.39875,0.22,0.20166666666666666,0.2766666666666666,0.21,0.24,0.21,0.23,0.29,0.31,0.42000000000000004,1.0,0.29
0.39,0.370625,0.33,0.3416666666666667,0.43333333333333335,0.39,0.44,0.45,0.38,0.3433333333333333,0.26,0.32,0.29,1.0
