1,2,3,4,5,6,7,8,9,10,11,12,13,14
11.213846153846154,2.3945780100372276,2.1808114227366064,2.3102480719278082,2.3631994284151183,9.84934453890988,5.582868082414365,1.7630840548922746,2.3506071228841816,1.568929081105472,2.5725334215765217,3.5364302767853495,1.5002884338071079,1.635608567052455
2.3945780100372276,0.0,0.56,0.54,0.45,2.0680000000000005,1.2084149397730348,0.37,0.5427092530382482,0.33,0.5369357503463521,0.7797542347859784,0.34,0.36
2.1808114227366064,0.56,0.0,0.42,0.37,1.6700000000000008,0.9226411364483306,0.31,0.42146569650842686,0.26,0.42723919920032316,0.5837950553633242,0.26,0.29
2.3102480719278082,0.54,0.42,0.0,0.52,2.2240000000000006,1.326806944007555,0.36,0.4734272207354932,0.38,0.6350852961085884,0.8654863757833896,0.31,0.33
2.3631994284151183,0.45,0.37,0.52,0.0,2.222000000000001,1.1063528671570688,0.39,0.4156921938165306,0.33,0.5773502691896258,0.8164965809277259,0.31,0.32
9.849344538909884,2.0680000000000005,1.6700000000000008,2.2240000000000006,2.222000000000001,11.451200000000007,5.274567912793113,1.758000000000001,2.9814367900952288,2.010000000000001,3.4998973318275137,5.061462305170976,1.9400000000000008,1.9540000000000008
5.5828680824143655,1.2084149397730348,0.9226411364483306,1.326806944007555,1.1063528671570688,5.274567912793111,3.6033333333333344,0.9879608629225485,1.26100709311601,0.7675067860720626,1.3411458616504854,1.9200000000000004,0.8164965809277261,0.8818163074019442
1.7630840548922746,0.37,0.31,0.36,0.39,1.758000000000001,0.9879608629225485,0.0,0.3752776749732568,0.23,0.4445597072760119,0.6409498160282651,0.26,0.28
2.3506071228841816,0.5427092530382482,0.42146569650842686,0.4734272207354932,0.4156921938165306,2.9814367900952283,1.2610070931160102,0.3752776749732568,1.1600000000000004,0.5484827557301446,1.1300000000000003,1.689985207035849,0.8775724091682313,0.8660254037844388
1.568929081105472,0.33,0.26,0.38,0.33,2.010000000000001,0.7675067860720626,0.23,0.5484827557301446,0.0,0.6408587988004847,0.9308061022576077,0.29,0.32
2.572533421576522,0.5369357503463521,0.42723919920032316,0.6350852961085884,0.5773502691896258,3.4998973318275124,1.3411458616504854,0.4445597072760119,1.1300000000000003,0.6408587988004847,1.246666666666667,2.2650987224009076,0.6985938257194473,0.6754998149518622
3.536430276785351,0.7797542347859784,0.5837950553633242,0.8654863757833896,0.8164965809277259,5.061462305170973,1.9200000000000004,0.6409498160282651,1.689985207035849,0.9308061022576077,2.2650987224009076,3.163333333333334,1.0573630723014054,1.0002083116364646
1.500288433807108,0.34,0.26,0.31,0.31,1.94,0.8164965809277261,0.26,0.8775724091682313,0.29,0.6985938257194473,1.0573630723014054,0.0,0.7
1.6356085670524547,0.36,0.29,0.33,0.32,1.954,0.8818163074019443,0.28,0.8660254037844387,0.32,0.6754998149518622,1.0002083116364646,0.7,0.0
