1,2,3,4,5,6,7,8,9,10,11,12,13,14
15.037575757575764,2.2995658351747688,2.071524105872805,2.2212308899947053,2.5328298941554044,3.552420429663543,7.508788601540616,3.745674070501095,5.594855862416128,2.659906583003063,6.672941380430872,3.194224190913685,2.1707483697675523,3.1467733995765936
2.2995658351747688,0.0,0.53,0.54,0.37,0.45254833995939037,0.9734098143467973,0.5727564927611034,0.8049999999999999,0.42,0.9992797406132078,0.38183766184073564,0.3,0.3868246803570493
2.071524105872805,0.53,0.0,0.47,0.35,0.3394112549695428,0.8314004249858589,0.4808326112068523,0.6649999999999999,0.36,0.8032185256827683,0.3040559159102154,0.27,0.3406366588218792
2.2212308899947053,0.54,0.47,0.0,0.38,0.3889087296526011,1.0043936811164564,0.5444722215136416,0.76,0.42,0.9328719097496718,0.38183766184073564,0.27,0.3983716857408418
2.5328298941554044,0.37,0.35,0.38,0.0,0.5161879502661796,1.2238627374015434,0.6222539674441617,0.96,0.5,1.2143146215046579,0.43133513652379396,0.44,0.5022947341949745
3.5524204296635444,0.45254833995939037,0.3394112549695428,0.3889087296526011,0.5161879502661796,0.7399999999999999,1.4112984565049778,0.7199999999999999,1.0995510447450814,0.551543289325507,1.2857390870623788,0.6999999999999998,0.43133513652379396,0.59604250407724
7.508788601540616,0.9734098143467973,0.8314004249858589,1.0043936811164564,1.2238627374015434,1.4112984565049775,6.809333333333331,2.223753583470974,2.6426656365621937,1.2858304709408623,5.067994277818395,2.203670423029118,1.0405415256810593,3.152855848274704
3.7456740705010962,0.5727564927611034,0.4808326112068523,0.5444722215136416,0.6222539674441617,0.7199999999999999,2.223753583470974,0.6999999999999998,1.410678028467162,0.6788225099390855,2.1443891904222983,0.9199999999999999,0.5161879502661797,0.9144761706390533
5.594855862416128,0.8049999999999999,0.6649999999999999,0.76,0.96,1.0995510447450811,2.6426656365621937,1.4106780284671623,2.175,0.96,2.4491840478004097,1.0748023074035522,0.82,1.1171727708819261
2.659906583003063,0.42,0.36,0.42,0.5,0.551543289325507,1.2858304709408623,0.6788225099390855,0.96,0.0,1.2775601747080252,0.5232590180780451,0.38,0.5484827557301446
6.672941380430873,0.9992797406132078,0.8032185256827683,0.9328719097496718,1.2143146215046579,1.285739087062379,5.067994277818394,2.1443891904222983,2.4491840478004097,1.2775601747080252,4.792000000000001,1.8000347218873305,0.9328719097496718,2.1580268765703545
3.194224190913685,0.38183766184073564,0.3040559159102154,0.38183766184073564,0.43133513652379396,0.6999999999999998,2.2036704230291178,0.9199999999999998,1.0748023074035522,0.5232590180780451,1.8000347218873305,0.6399999999999999,0.3676955262170047,0.9063112048297759
2.1707483697675523,0.3,0.27,0.27,0.44,0.43133513652379396,1.0405415256810593,0.5161879502661797,0.8200000000000001,0.38,0.9328719097496719,0.3676955262170047,0.0,0.45033320996790815
3.1467733995765936,0.38682468035704926,0.34063665882187927,0.3983716857408418,0.5022947341949745,0.5960425040772401,3.1528558482747036,0.9144761706390533,1.117172770881926,0.5484827557301446,2.1580268765703545,0.9063112048297759,0.45033320996790815,1.1600000000000004
