1,2,3,4,5,6,7,8,9,10,11,12,13,14
3.531428571428571,6.075917073637055,1.4173667737846019,0.986487274554083,2.0757142857142856,0.6878953408767935,0.9486908272531603,1.357687108915116,0.6009635120846712,0.8768775773814071,0.7899457485892849,1.0583545179732003,0.49513345964208766,0.6878953408767935
6.075917073637054,21.9928,2.3065823202305187,2.87368195874213,6.701308379712129,2.3009254659810257,2.835498192558055,4.296,2.462145812091558,2.746402738128551,2.41689097809562,4.123000000000001,2.3292097372284877,2.8807530265539936
1.4173667737846019,2.3065823202305187,0.0,0.38,0.7786068143990081,0.26,0.37,0.5232590180780451,0.25,0.32,0.27,0.3889087296526011,0.19,0.3
0.986487274554083,2.87368195874213,0.38,0.0,1.0053854982045443,0.35,0.46,0.6363961030678927,0.3,0.46,0.44,0.5232590180780451,0.22,0.34
2.0757142857142856,6.701308379712129,0.7786068143990081,1.0053854982045443,4.302857142857142,1.9011612992364129,1.3984685501341405,1.5394247534155645,0.7445900118281776,1.0242837218550058,0.8353014853503921,1.1893125265102882,0.5631670647837486,0.778606814399008
0.6878953408767935,2.3009254659810257,0.26,0.35,1.9011612992364129,0.0,0.49,0.5091168824543142,0.26,0.35,0.3,0.4454772721475249,0.21,0.26
0.9486908272531603,2.835498192558055,0.37,0.46,1.3984685501341405,0.49,0.0,0.700035713374682,0.3,0.46,0.38,0.45254833995939037,0.21,0.31
1.357687108915116,4.2959999999999985,0.5232590180780451,0.6363961030678927,1.5394247534155643,0.5091168824543142,0.700035713374682,0.7299999999999998,0.4454772721475249,0.67175144212722,0.5444722215136415,0.6749999999999999,0.3394112549695428,0.4879036790187178
0.6009635120846712,2.462145812091558,0.25,0.3,0.7445900118281776,0.26,0.3,0.4454772721475249,0.0,0.27,0.24,0.3676955262170047,0.21,0.29
0.8768775773814071,2.746402738128551,0.32,0.46,1.0242837218550058,0.35,0.46,0.67175144212722,0.27,0.0,0.56,0.4525483399593904,0.23,0.28
0.7899457485892849,2.41689097809562,0.27,0.44,0.8353014853503921,0.3,0.38,0.5444722215136415,0.24,0.56,0.0,0.3959797974644666,0.2,0.28
1.0583545179732003,4.122999999999999,0.3889087296526011,0.5232590180780451,1.1893125265102884,0.4454772721475249,0.45254833995939037,0.6749999999999999,0.3676955262170047,0.4525483399593904,0.3959797974644666,0.6699999999999999,0.4384062043356594,0.4808326112068523
0.4951334596420876,2.3292097372284877,0.19,0.22,0.5631670647837486,0.21,0.21,0.3394112549695428,0.21,0.23,0.2,0.4384062043356594,0.0,0.31
0.6878953408767935,2.880753026553995,0.3,0.34,0.778606814399008,0.26,0.31,0.4879036790187178,0.29,0.28,0.28,0.4808326112068523,0.31,0.0
