1,2,3,4,5,6,7,8,9,10,11,12,13,14
0.48624567474048436,0.38441176470588234,0.34794117647058814,0.3679411764705882,0.4444117647058824,0.4341176470588236,0.40558823529411764,0.3595187165775401,0.4348039215686274,0.5151470588235294,0.4019117647058823,0.3557843137254902,0.38882352941176473,0.35617647058823526
0.38441176470588234,1.0,0.51,0.52,0.36,0.36,0.29000000000000004,0.22636363636363635,0.33999999999999997,0.395,0.255,0.24666666666666667,0.25,0.24
0.34794117647058814,0.51,1.0,0.5,0.31,0.28,0.24,0.22772727272727272,0.29,0.335,0.25,0.22666666666666666,0.26,0.23
0.3679411764705882,0.52,0.5,1.0,0.35,0.25,0.22999999999999998,0.23454545454545458,0.32999999999999996,0.385,0.225,0.25666666666666665,0.3,0.23
0.4444117647058824,0.36,0.31,0.35,1.0,0.4,0.3575,0.330909090909091,0.4866666666666667,0.505,0.305,0.3733333333333333,0.4,0.34
0.4341176470588236,0.36,0.28,0.25,0.4,1.0,0.7075,0.3009090909090909,0.38,0.43,0.375,0.2866666666666667,0.31,0.3
0.40558823529411775,0.29000000000000004,0.24,0.22999999999999998,0.3575,0.7075,0.78125,0.27602272727272725,0.3666666666666666,0.41125000000000006,0.34125,0.25166666666666665,0.295,0.28250000000000003
0.35951871657754014,0.22636363636363635,0.22772727272727272,0.23454545454545458,0.330909090909091,0.3009090909090909,0.27602272727272725,0.5120661157024794,0.3242424242424242,0.37636363636363634,0.40522727272727277,0.3789393939393939,0.4536363636363635,0.435
0.43480392156862735,0.33999999999999997,0.29,0.32999999999999996,0.4866666666666667,0.38,0.36666666666666664,0.3242424242424243,0.7955555555555556,0.5166666666666666,0.33499999999999996,0.31,0.37,0.31
0.5151470588235294,0.395,0.335,0.385,0.505,0.43,0.41125000000000006,0.3763636363636364,0.5166666666666666,0.885,0.3975,0.37499999999999994,0.42,0.39
0.40191176470588236,0.255,0.25,0.225,0.305,0.375,0.34124999999999994,0.40522727272727266,0.33499999999999996,0.3975,0.8200000000000001,0.33999999999999997,0.41000000000000003,0.39
0.35578431372549013,0.24666666666666667,0.22666666666666666,0.25666666666666665,0.3733333333333333,0.2866666666666667,0.25166666666666665,0.37893939393939396,0.30999999999999994,0.375,0.33999999999999997,0.7155555555555555,0.5533333333333333,0.32666666666666666
0.38882352941176473,0.25,0.26,0.3,0.4,0.31,0.295,0.45363636363636367,0.37,0.42,0.41000000000000003,0.5533333333333333,1.0,0.37
0.3561764705882353,0.24,0.23,0.23,0.34,0.3,0.28250000000000003,0.43499999999999994,0.31,0.39,0.39,0.32666666666666666,0.37,1.0
