1,2,3,4,5,6,7,8,9,10,11,12,13,14
0.4376593086214077,0.4467346938775509,0.32285714285714284,0.44734693877551013,0.41244897959183685,0.3838147566718995,0.4387755102040816,0.37224489795918364,0.3424489795918368,0.20142857142857135,0.34183673469387743,0.26897959183673464,0.366938775510204,0.35346938775510206
0.4467346938775509,1.0,0.48,0.45,0.48,0.3869230769230769,0.475,0.31,0.37,0.22,0.38,0.3,0.3466666666666666,0.34
0.32285714285714284,0.48,1.0,0.32,0.31,0.24384615384615385,0.31000000000000005,0.23,0.25,0.16,0.24,0.17,0.20666666666666667,0.22
0.44734693877551013,0.45,0.32,1.0,0.48,0.4007692307692307,0.47,0.36,0.39,0.12,0.42,0.32,0.3466666666666666,0.31
0.41244897959183685,0.48,0.31,0.48,1.0,0.36923076923076925,0.51,0.29,0.44,0.17,0.34,0.33,0.33,0.32
0.3838147566718995,0.3869230769230769,0.24384615384615385,0.4007692307692307,0.36923076923076925,0.5613017751479291,0.3819230769230769,0.39461538461538453,0.3015384615384616,0.23153846153846158,0.4446153846153847,0.38384615384615395,0.5397435897435897,0.3953846153846154
0.4387755102040817,0.475,0.31000000000000005,0.47,0.51,0.3819230769230769,0.895,0.35,0.645,0.165,0.33999999999999997,0.28,0.35666666666666663,0.3
0.37224489795918364,0.31,0.23,0.36,0.29,0.39461538461538453,0.35,1.0,0.24,0.14,0.32,0.24,0.35,0.37
0.3424489795918368,0.37,0.25,0.39,0.44,0.3015384615384616,0.645,0.24,1.0,0.13,0.27,0.19,0.2866666666666667,0.26
0.20142857142857135,0.22,0.16,0.12,0.17,0.23153846153846158,0.165,0.14,0.13,1.0,0.16,0.14,0.27666666666666667,0.31
0.34183673469387743,0.38,0.24,0.42,0.34,0.4446153846153847,0.33999999999999997,0.32,0.27,0.16,1.0,0.4,0.4166666666666667,0.33
0.26897959183673464,0.3,0.17,0.32,0.33,0.38384615384615395,0.28,0.24,0.19,0.14,0.4,1.0,0.30333333333333334,0.23
0.36693877551020404,0.3466666666666666,0.20666666666666667,0.3466666666666666,0.32999999999999996,0.5397435897435898,0.35666666666666663,0.35,0.2866666666666666,0.27666666666666667,0.41666666666666663,0.30333333333333334,0.7599999999999998,0.46333333333333326
0.35346938775510195,0.34,0.22,0.31,0.32,0.39538461538461545,0.3,0.37,0.26,0.31,0.33,0.23,0.46333333333333326,1.0
