1,2,3,4,5,6,7,8,9,10,11,12,13,14
0.5530000000000002,0.44000000000000017,0.42550000000000016,0.40150000000000013,0.42159090909090924,0.4725000000000002,0.36100000000000004,0.4568333333333334,0.3496666666666668,0.3075000000000001,0.40550000000000014,0.33100000000000007,0.4285000000000001,0.34050000000000014
0.44000000000000017,1.0,0.52,0.51,0.3145454545454546,0.35,0.28,0.33999999999999997,0.22333333333333333,0.21,0.25,0.19,0.32,0.22499999999999998
0.42550000000000016,0.52,1.0,0.49,0.27727272727272734,0.37,0.24,0.2966666666666667,0.22238095238095232,0.19,0.26,0.21,0.25,0.225
0.40150000000000013,0.51,0.49,1.0,0.275,0.31,0.26,0.29,0.22666666666666663,0.17,0.26,0.2,0.25,0.225
0.42159090909090907,0.3145454545454546,0.27727272727272734,0.275,0.512107438016529,0.3963636363636364,0.48090909090909095,0.4065151515151515,0.3512987012987013,0.2595454545454545,0.37136363636363634,0.335,0.4918181818181818,0.34090909090909094
0.4725000000000002,0.35,0.37,0.31,0.3963636363636364,1.0,0.3,0.43333333333333335,0.34380952380952384,0.26,0.39,0.35,0.43,0.33999999999999997
0.36100000000000004,0.28,0.24,0.26,0.48090909090909095,0.3,1.0,0.36999999999999994,0.27761904761904765,0.2,0.29,0.26,0.35,0.27
0.4568333333333334,0.33999999999999997,0.2966666666666667,0.29,0.40651515151515155,0.43333333333333335,0.36999999999999994,0.7955555555555556,0.32285714285714284,0.24999999999999997,0.37,0.3133333333333333,0.4033333333333333,0.29833333333333334
0.3496666666666666,0.22333333333333333,0.22238095238095232,0.22666666666666663,0.3512987012987013,0.34380952380952384,0.27761904761904765,0.32285714285714284,0.5178231292517006,0.3261904761904762,0.4714285714285714,0.5104761904761904,0.4004761904761904,0.4233333333333333
0.3075000000000001,0.21,0.19,0.17,0.2595454545454545,0.26,0.2,0.24999999999999997,0.3261904761904762,1.0,0.51,0.23,0.25,0.24
0.40550000000000014,0.25,0.26,0.26,0.37136363636363634,0.39,0.29,0.37,0.4714285714285714,0.51,1.0,0.38,0.38,0.345
0.33100000000000007,0.19,0.21,0.2,0.335,0.35,0.26,0.3133333333333333,0.5104761904761904,0.23,0.38,1.0,0.4,0.45499999999999996
0.4285,0.32,0.25,0.25,0.49181818181818193,0.43,0.35,0.4033333333333333,0.40047619047619043,0.25,0.38,0.4,1.0,0.445
0.3404999999999999,0.22499999999999998,0.225,0.225,0.34090909090909094,0.33999999999999997,0.27,0.29833333333333334,0.42333333333333334,0.24,0.345,0.45499999999999996,0.445,0.85
