1,2,3,4,5,6,7,8,9,10,11,12,13,14
0.44679738562091503,0.3449019607843137,0.31921568627450975,0.35313725490196074,0.34980392156862744,0.4147899159663866,0.45307189542483656,0.3162745098039215,0.2162745098039216,0.31274509803921574,0.37205882352941166,0.3082352941176471,0.43372549019607853,0.37254901960784315
0.3449019607843137,1.0,0.51,0.3,0.29000000000000004,0.27714285714285714,0.38,0.2,0.15,0.21,0.15000000000000002,0.16,0.32,0.21
0.31921568627450975,0.51,1.0,0.2475,0.245,0.25999999999999995,0.32999999999999996,0.22,0.16,0.17,0.165,0.18,0.25,0.22
0.35313725490196074,0.3,0.2475,0.7612500000000001,0.7124999999999999,0.3653571428571428,0.39666666666666667,0.2625,0.135,0.21000000000000002,0.21000000000000002,0.21000000000000002,0.37,0.245
0.34980392156862744,0.29000000000000004,0.245,0.7124999999999999,0.87,0.36571428571428577,0.39333333333333337,0.27,0.135,0.195,0.21000000000000002,0.195,0.345,0.245
0.4147899159663866,0.27714285714285714,0.25999999999999995,0.3653571428571428,0.3657142857142857,0.6257142857142857,0.4295238095238095,0.4685714285714286,0.19571428571428573,0.2857142857142857,0.345,0.29428571428571426,0.5585714285714285,0.38857142857142857
0.4530718954248366,0.38,0.32999999999999996,0.3966666666666666,0.3933333333333333,0.42952380952380953,0.8244444444444443,0.3233333333333333,0.20333333333333334,0.29333333333333333,0.2866666666666666,0.24333333333333332,0.4433333333333333,0.3433333333333333
0.3162745098039215,0.2,0.22,0.2625,0.27,0.4685714285714286,0.3233333333333333,1.0,0.16,0.21,0.24,0.21,0.47,0.32
0.2162745098039216,0.15,0.16,0.135,0.135,0.19571428571428573,0.20333333333333334,0.16,1.0,0.14,0.22499999999999998,0.19,0.21,0.31
0.31274509803921574,0.21,0.17,0.21000000000000002,0.195,0.2857142857142857,0.29333333333333333,0.21,0.14,1.0,0.24,0.21,0.25,0.23
0.3720588235294118,0.15000000000000002,0.165,0.21000000000000002,0.21000000000000002,0.345,0.2866666666666666,0.24,0.22499999999999998,0.24,0.8200000000000001,0.41500000000000004,0.37,0.43
0.3082352941176471,0.16,0.18,0.21000000000000002,0.195,0.29428571428571426,0.24333333333333332,0.21,0.19,0.21,0.41500000000000004,1.0,0.31,0.32
0.4337254901960784,0.32,0.25,0.37,0.345,0.5585714285714285,0.44333333333333336,0.47,0.21,0.25,0.37,0.31,1.0,0.45
0.37254901960784315,0.21,0.22,0.245,0.245,0.38857142857142857,0.3433333333333333,0.32,0.31,0.23,0.43,0.32,0.45,1.0
