1,2,3,4,5,6,7,8,9,10,11,12,13,14
0.4607482993197279,0.33404761904761904,0.4059523809523809,0.44428571428571423,0.429047619047619,0.36731292517006797,0.34785714285714286,0.4024369747899159,0.2,0.28928571428571426,0.3638095238095236,0.3973809523809524,0.35380952380952385,0.2969047619047619
0.33404761904761904,1.0,0.53,0.32,0.31,0.2557142857142857,0.26,0.25058823529411767,0.16,0.2,0.23,0.18,0.16,0.18
0.4059523809523809,0.53,1.0,0.37,0.42,0.28285714285714286,0.26,0.3058823529411765,0.15,0.22,0.26,0.25,0.21,0.2
0.44428571428571423,0.32,0.37,1.0,0.46,0.49999999999999994,0.44,0.41,0.12,0.19,0.33,0.37,0.3,0.25
0.429047619047619,0.31,0.42,0.46,1.0,0.3628571428571429,0.3,0.3752941176470588,0.2,0.28,0.34,0.33,0.29,0.26
0.367312925170068,0.2557142857142857,0.28285714285714286,0.49999999999999994,0.3628571428571429,0.7681632653061223,0.6814285714285713,0.34386554621848736,0.1414285714285714,0.20285714285714285,0.2828571428571428,0.29142857142857137,0.22285714285714284,0.21285714285714286
0.34785714285714286,0.26,0.26,0.44,0.3,0.6814285714285713,1.0,0.3223529411764705,0.15,0.2,0.25,0.3,0.23,0.21
0.402436974789916,0.25058823529411767,0.3058823529411765,0.41,0.3752941176470588,0.34386554621848736,0.3223529411764705,0.5062975778546712,0.22647058823529417,0.33470588235294124,0.3641176470588235,0.46294117647058824,0.4023529411764705,0.31529411764705884
0.2,0.16,0.15,0.12,0.2,0.1414285714285714,0.15,0.22647058823529417,1.0,0.71,0.2,0.23,0.24,0.19
0.28928571428571426,0.2,0.22,0.19,0.28,0.20285714285714285,0.2,0.33470588235294124,0.71,1.0,0.29,0.38,0.35,0.28
0.3638095238095236,0.23,0.26,0.33,0.34,0.2828571428571428,0.25,0.3641176470588235,0.2,0.29,1.0,0.38,0.37,0.31
0.3973809523809524,0.18,0.25,0.37,0.33,0.29142857142857137,0.3,0.46294117647058824,0.23,0.38,0.38,1.0,0.65,0.5
0.3538095238095238,0.16,0.21,0.3,0.29,0.22285714285714284,0.23,0.40235294117647064,0.24,0.35,0.37,0.65,1.0,0.45
0.2969047619047619,0.18,0.2,0.25,0.26,0.21285714285714286,0.21,0.3152941176470588,0.19,0.28,0.31,0.5,0.45,1.0
