1,2,3,4,5,6,7,8,9,10,11,12,13,14
24.674426229508203,2.517205059480735,2.7220640673733687,2.3584393283639447,2.773278819346527,4.685224857700333,3.609359645308338,3.7706861140237864,2.8705868480955283,2.6746904217981973,3.280304863880795,2.852661684904922,4.970523825898549,3.0101470472223846
2.517205059480735,0.0,0.51,0.52,0.57,0.41012193308819755,0.42,0.42,0.25,0.29,0.29,0.25,0.29444863728670917,0.24
2.7220640673733687,0.51,0.0,0.53,0.6,0.4666904755831213,0.38,0.46,0.27,0.3,0.37,0.27,0.4156921938165306,0.24
2.3584393283639447,0.52,0.53,0.0,0.63,0.38890872965260115,0.35,0.39,0.21,0.27,0.29,0.25,0.3175426480542942,0.19
2.773278819346527,0.57,0.6,0.63,0.0,0.4666904755831214,0.38,0.45,0.28,0.31,0.33,0.29,0.39259818304894556,0.26
4.685224857700331,0.41012193308819755,0.4666904755831213,0.38890872965260115,0.4666904755831214,0.6299999999999999,0.6222539674441617,0.6929646455628166,0.7283199846221439,0.4454772721475249,0.7778174593052022,0.5586143571373725,0.9022287219251374,0.6505382386916237
3.609359645308338,0.42,0.38,0.35,0.38,0.6222539674441617,0.0,0.62,0.34,0.41,0.42,0.37,0.5831237718815221,0.44
3.7706861140237864,0.42,0.46,0.39,0.45,0.6929646455628166,0.62,0.0,0.41,0.42,0.44,0.42,0.6293117934166922,0.46
2.8705868480955283,0.25,0.27,0.21,0.28,0.7283199846221439,0.34,0.41,0.0,0.24,0.37,0.32,0.5715767664977296,0.49
2.6746904217981973,0.29,0.3,0.27,0.31,0.4454772721475249,0.41,0.42,0.24,0.0,0.33,0.27,0.42723919920032316,0.29
3.280304863880795,0.29,0.37,0.29,0.33,0.7778174593052022,0.42,0.44,0.37,0.33,0.0,0.4,0.7101408311032398,0.31
2.852661684904922,0.25,0.27,0.25,0.29,0.5586143571373725,0.37,0.42,0.32,0.27,0.4,0.0,0.6293117934166922,0.32
4.97052382589855,0.2944486372867092,0.4156921938165306,0.3175426480542942,0.3925981830489456,0.9022287219251373,0.5831237718815221,0.6293117934166922,0.5715767664977296,0.42723919920032316,0.7101408311032398,0.6293117934166922,1.2333333333333338,0.5946707772653146
3.0101470472223855,0.24,0.24,0.19,0.26,0.6505382386916236,0.44,0.46,0.49,0.29,0.31,0.32,0.5946707772653146,0.0
