1,2,3,4,5,6,7,8,9,10,11,12,13,14
16.466153846153844,9.485591511028847,2.632506848555632,5.177465967648058,5.0736577948067625,2.5700568685716476,2.8694965161871617,2.092874970232489,2.5252209855062246,4.2453055017770875,2.0384313979387594,2.958639890219828,1.6509212657304482,2.435549219375375
9.48559151102885,7.3025,1.46,3.267006944437064,2.925722489118429,1.4649999999999999,1.675,1.255,1.3549999999999998,3.07150343208881,1.6325,2.934493141924172,1.595,1.4825
2.632506848555632,1.46,0.0,0.873651341592667,0.7909698687897875,0.46,0.5,0.3,0.46,0.6870468203356548,0.33,0.4242640687119285,0.22,0.33
5.17746596764806,3.2670069444370644,0.873651341592667,3.573333333333334,1.7253405460951765,1.2165799055823119,1.2084149397730346,0.6409498160282651,0.8940637561158602,1.3670731102939921,0.653197264742181,0.8140638795573724,0.4939804314612743,0.8369089954509192
5.073657794806764,2.925722489118429,0.7909698687897875,1.7253405460951765,1.1600000000000004,0.8660254037844387,0.9872689603142601,0.6119912853410034,0.825610884941165,1.3200000000000005,0.5946707772653146,0.8654863757833897,0.47920072342738945,0.7505553499465137
2.5700568685716476,1.4649999999999999,0.46,1.2165799055823119,0.8660254037844387,0.0,0.78,0.3,0.46,0.6119912853410034,0.27,0.3889087296526011,0.21,0.39
2.8694965161871617,1.675,0.5,1.2084149397730346,0.9872689603142601,0.78,0.0,0.31,0.48,0.7101408311032398,0.31,0.4454772721475249,0.24,0.44
2.092874970232489,1.255,0.3,0.6409498160282651,0.6119912853410034,0.3,0.31,0.0,0.27,0.513841739578767,0.25,0.38183766184073564,0.21,0.45
2.5252209855062246,1.3549999999999998,0.46,0.8940637561158602,0.825610884941165,0.46,0.48,0.27,0.0,0.6119912853410034,0.28,0.3818376618407356,0.23,0.38
4.2453055017770875,3.071503432088809,0.6870468203356548,1.3670731102939926,1.3200000000000003,0.6119912853410034,0.7101408311032398,0.513841739578767,0.6119912853410034,1.266666666666667,0.9872689603142601,0.9879608629225485,0.5022947341949745,0.5946707772653147
2.0384313979387594,1.6325,0.33,0.653197264742181,0.5946707772653146,0.27,0.31,0.25,0.28,0.9872689603142601,0.0,0.5656854249492379,0.31,0.26
2.958639890219828,2.9344931419241718,0.4242640687119285,0.8140638795573724,0.8654863757833895,0.3889087296526011,0.4454772721475249,0.38183766184073564,0.3818376618407356,0.9879608629225486,0.5656854249492379,0.6199999999999999,0.5939696961966998,0.4525483399593904
1.6509212657304486,1.595,0.22,0.4939804314612743,0.47920072342738945,0.21,0.24,0.21,0.23,0.5022947341949745,0.31,0.5939696961966998,0.0,0.29
2.4355492193753756,1.4825,0.33,0.8369089954509192,0.7505553499465136,0.39,0.44,0.45,0.38,0.5946707772653146,0.26,0.45254833995939037,0.29,0.0
