1,2,3,4,5,6,7,8,9,10,11,12,13,14
21.786666666666665,2.463092667805269,2.2796559767976,5.0438088626688895,3.5328464333407736,7.8372246845616536,5.604189842506202,2.2586517755371798,1.5445089326828945,2.2334467340246755,3.757609925596478,2.2012402920920318,3.097419545869958,2.660532159653218
2.463092667805269,0.0,0.51,0.6,0.41012193308819755,0.7332510776379008,0.6581793068761734,0.2,0.15,0.21,0.21213203435596426,0.16,0.32,0.21
2.2796559767976,0.51,0.0,0.495,0.3464823227814083,0.6878953408767935,0.5715767664977296,0.22,0.16,0.17,0.23334523779156066,0.18,0.25,0.22
5.043808862668888,0.6,0.495,2.0450000000000004,2.01525432638166,1.9332882794421968,1.3740936406713096,0.525,0.27,0.42000000000000004,0.5939696961966999,0.42000000000000004,0.74,0.49
3.532846433340774,0.41012193308819755,0.3464823227814083,2.01525432638166,0.7399999999999999,1.3683775585916127,0.9634659654947167,0.38183766184073564,0.19091883092036782,0.2757716446627535,0.41999999999999993,0.2757716446627535,0.48790367901871773,0.3464823227814082
7.8372246845616536,0.7332510776379008,0.6878953408767935,1.933288279442197,1.3683775585916125,3.3799999999999994,1.9683253699286514,1.2397234714702654,0.5178113280226413,0.7559289460184544,1.2908717984370095,0.778606814399008,1.4778410894660783,1.028063366585098
5.604189842506203,0.6581793068761734,0.5715767664977296,1.3740936406713096,0.9634659654947167,1.9683253699286518,1.4733333333333336,0.5600297611139371,0.35218366420567176,0.5080682368868707,0.7021870595978444,0.42146569650842686,0.7678758580222024,0.5946707772653146
2.2586517755371798,0.2,0.22,0.525,0.38183766184073564,1.2397234714702654,0.5600297611139371,0.0,0.16,0.21,0.3394112549695428,0.21,0.47,0.32
1.5445089326828945,0.15,0.16,0.27,0.19091883092036782,0.5178113280226413,0.35218366420567176,0.16,0.0,0.14,0.31819805153394637,0.19,0.21,0.31
2.2334467340246755,0.21,0.17,0.42000000000000004,0.2757716446627535,0.7559289460184544,0.5080682368868707,0.21,0.14,0.0,0.3394112549695428,0.21,0.25,0.23
3.7576099255964786,0.21213203435596426,0.23334523779156066,0.5939696961966998,0.4199999999999999,1.2908717984370097,0.7021870595978444,0.3394112549695428,0.31819805153394637,0.3394112549695428,0.6399999999999999,0.5868986283848344,0.5232590180780451,0.6081118318204308
2.2012402920920318,0.16,0.18,0.42000000000000004,0.2757716446627535,0.778606814399008,0.42146569650842686,0.21,0.19,0.21,0.5868986283848344,0.0,0.31,0.32
3.097419545869957,0.32,0.25,0.74,0.4879036790187178,1.4778410894660783,0.7678758580222024,0.47,0.21,0.25,0.5232590180780452,0.31,0.0,0.45
2.660532159653218,0.21,0.22,0.49,0.3464823227814082,1.028063366585098,0.5946707772653146,0.32,0.31,0.23,0.6081118318204308,0.32,0.45,0.0
