1,2,3,4,5,6,7,8,9,10,11,12,13,14
24.99033333333333,3.3785324723416026,2.432233541418257,2.691723425614152,3.5799276063443877,2.55746000294563,3.888475279592247,3.069984799093744,2.6633215477419645,2.6445870818207764,2.3212080188269772,5.735514362286961,2.2656952575313385,3.950905381470596
3.3785324723416026,0.0,0.49,0.52,0.54,0.3,0.59,0.42,0.37,0.3606244584051392,0.3,0.6293117934166922,0.24,0.49497474683058323
2.432233541418257,0.49,0.0,0.47,0.35,0.22,0.44,0.28,0.27,0.22627416997969518,0.19,0.3868246803570493,0.16,0.31819805153394637
2.691723425614152,0.52,0.47,0.0,0.38,0.25,0.44,0.32,0.27,0.2545584412271571,0.26,0.5080682368868707,0.19,0.3959797974644666
3.5799276063443877,0.54,0.35,0.38,0.0,0.33,0.61,0.49,0.42,0.38183766184073564,0.3,0.6524058041842772,0.25,0.5374011537017761
2.55746000294563,0.3,0.22,0.25,0.33,0.0,0.4,0.27,0.24,0.2757716446627535,0.21,0.5773502691896258,0.21,0.43133513652379396
3.888475279592247,0.59,0.44,0.44,0.61,0.4,0.0,0.5,0.46,0.35355339059327373,0.32,0.7678758580222024,0.3,0.5939696961966998
3.069984799093744,0.42,0.28,0.32,0.49,0.27,0.5,0.0,0.56,0.22627416997969518,0.25,0.5888972745734183,0.23,0.3747665940288702
2.6633215477419645,0.37,0.27,0.27,0.42,0.24,0.46,0.56,0.0,0.23334523779156066,0.19,0.5253887449625595,0.2,0.38183766184073564
2.6445870818207755,0.3606244584051392,0.22627416997969518,0.2545584412271571,0.38183766184073564,0.2757716446627535,0.35355339059327373,0.22627416997969518,0.23334523779156066,0.7099999999999999,0.21213203435596426,0.816496580927726,0.3323401871576773,0.7599999999999999
2.3212080188269772,0.3,0.19,0.26,0.3,0.21,0.32,0.25,0.19,0.21213203435596426,0.0,0.5600297611139371,0.21,0.3394112549695428
5.735514362286961,0.6293117934166922,0.3868246803570493,0.5080682368868707,0.6524058041842772,0.5773502691896258,0.7678758580222024,0.5888972745734183,0.5253887449625595,0.816496580927726,0.5600297611139371,1.4600000000000002,0.8717989064763351,1.1553426620127325
2.265695257531339,0.24,0.16,0.19,0.25,0.21,0.3,0.23,0.2,0.3323401871576773,0.21,0.8717989064763351,0.0,0.44547727214752486
3.950905381470597,0.4949747468305833,0.3181980515339463,0.39597979746446654,0.5374011537017761,0.43133513652379396,0.5939696961966998,0.37476659402887014,0.38183766184073564,0.7599999999999999,0.3394112549695428,1.1553426620127323,0.44547727214752486,0.6999999999999998
