1,2,3,4,5,6,7,8,9,10,11,12,13,14
0.41903698979591825,0.43321428571428566,0.3973214285714285,0.38892857142857135,0.3189732142857143,0.3157142857142856,0.4750000000000001,0.3862499999999999,0.4037500000000001,0.41392857142857137,0.36374999999999996,0.2989285714285714,0.4219642857142856,0.37749999999999984
0.43321428571428566,1.0,0.47333333333333333,0.51,0.36250000000000004,0.355,0.565,0.46499999999999997,0.48,0.53,0.47,0.33,0.43,0.4
0.39732142857142855,0.47333333333333333,0.7599999999999999,0.45,0.6416666666666666,0.615,0.51,0.43666666666666665,0.48999999999999994,0.45666666666666667,0.4333333333333333,0.26999999999999996,0.4766666666666666,0.4166666666666667
0.38892857142857135,0.51,0.45,1.0,0.36250000000000004,0.345,0.5,0.5,0.45,0.48,0.46,0.33,0.35,0.33
0.3189732142857143,0.36250000000000004,0.6416666666666666,0.36250000000000004,0.80375,0.70375,0.39375000000000004,0.35375,0.39,0.36750000000000005,0.35750000000000004,0.2,0.39,0.345
0.3157142857142858,0.355,0.615,0.345,0.70375,0.8300000000000001,0.3875,0.35250000000000004,0.405,0.38,0.38,0.21000000000000002,0.395,0.33499999999999996
0.4749999999999999,0.565,0.51,0.5,0.39375,0.3875,0.835,0.49000000000000005,0.525,0.525,0.445,0.36,0.485,0.42000000000000004
0.38625,0.46499999999999997,0.43666666666666665,0.5,0.35375,0.35250000000000004,0.49,0.865,0.465,0.48,0.675,0.25,0.41500000000000004,0.36
0.4037500000000001,0.48,0.48999999999999994,0.45,0.39,0.405,0.525,0.465,1.0,0.72,0.46,0.28,0.4,0.35
0.41392857142857137,0.53,0.45666666666666667,0.48,0.36750000000000005,0.38,0.525,0.48,0.72,1.0,0.46,0.3,0.39,0.38
0.36374999999999996,0.47,0.4333333333333333,0.46,0.35750000000000004,0.38,0.445,0.675,0.46,0.46,1.0,0.25,0.39,0.38
0.2989285714285714,0.33,0.26999999999999996,0.33,0.2,0.21000000000000002,0.36,0.25,0.28,0.3,0.25,1.0,0.24,0.24
0.4219642857142857,0.43,0.4766666666666667,0.35,0.39,0.395,0.485,0.41500000000000004,0.4,0.39,0.39,0.24,1.0,0.62
0.37749999999999995,0.4,0.41666666666666663,0.33,0.34500000000000003,0.33499999999999996,0.42000000000000004,0.36,0.35,0.38,0.38,0.24,0.62,1.0
