1,2,3,4,5,6,7,8,9,10,11,12,13,14
3.053333333333334,4.613028650825109,1.339054392721471,1.3063945294843617,1.463570121312949,3.6459669499324874,1.5656321939289148,1.0165382432550192,0.6235382907247958,0.5878775382679629,0.751176854453508,0.47356801693808115,1.437033982432798,0.6491147818375422
4.61302865082511,14.446875,1.8579230675676535,1.5892224907167656,3.7706469106772653,9.805416666666668,4.9179276631524385,2.411234123846126,2.255,1.8190321946023935,2.5190679079770755,2.384717619551631,4.938256983111551,2.3758787847867993
1.339054392721471,1.8579230675676535,0.0,0.47,0.585,1.4307127206007815,0.62,0.42,0.2545584412271571,0.26,0.27,0.19,0.6050000000000001,0.3
1.3063945294843617,1.5892224907167656,0.47,0.0,0.505,1.2633641157199649,0.555,0.33,0.2545584412271571,0.17,0.26,0.15,0.485,0.23
1.4635701213129493,3.7706469106772644,0.585,0.505,2.24,4.070578037030558,1.3900000000000001,0.795,0.48436814511278503,0.42000000000000004,0.605,0.475,1.5125000000000002,0.5700000000000001
3.645966949932488,9.805416666666668,1.4307127206007815,1.2633641157199649,4.070578037030559,8.42777777777778,3.311616758556998,1.8809040379562165,1.3000000000000003,1.1219427594826554,1.609846438501373,1.2657211383239204,3.818376618407357,1.4566399692442882
1.5656321939289148,4.917927663152438,0.62,0.555,1.3900000000000001,3.3116167585569976,1.6949999999999998,0.8699999999999999,0.7247844507162111,0.78,1.19,0.6950000000000001,1.5825,0.7200000000000001
1.0165382432550192,2.411234123846126,0.42,0.33,0.795,1.8809040379562165,0.8699999999999999,0.0,0.28991378028648446,0.35,0.42,0.29,0.855,0.36
0.6235382907247958,2.2550000000000003,0.2545584412271571,0.2545584412271571,0.48436814511278503,1.2999999999999998,0.7247844507162111,0.28991378028648446,0.7099999999999999,0.21213203435596426,0.3676955262170047,0.37476659402887014,0.6611448404094219,0.5374011537017761
0.5878775382679629,1.8190321946023935,0.26,0.17,0.42000000000000004,1.1219427594826554,0.78,0.35,0.21213203435596426,0.0,0.51,0.24,0.495,0.25
0.751176854453508,2.5190679079770755,0.27,0.26,0.605,1.609846438501373,1.19,0.42,0.3676955262170047,0.51,0.0,0.38,0.73,0.37
0.47356801693808115,2.384717619551631,0.19,0.15,0.475,1.2657211383239204,0.6950000000000001,0.29,0.37476659402887014,0.24,0.38,0.0,0.66,0.33
1.4370339824327982,4.938256983111551,0.6050000000000001,0.485,1.5125000000000002,3.818376618407357,1.5825,0.855,0.6611448404094219,0.495,0.73,0.6599999999999999,2.0,0.8
0.6491147818375422,2.3758787847867993,0.3,0.23,0.5700000000000001,1.456639969244288,0.72,0.36,0.5374011537017761,0.25,0.37,0.33,0.8,0.0
