1,2,3,4,5,6,7,8,9,10,11,12,13,14
0.4309502551020407,0.44410714285714287,0.3503571428571428,0.30732142857142847,0.402142857142857,0.4010714285714284,0.4423214285714285,0.3613571428571428,0.4766071428571429,0.3333928571428571,0.2148214285714285,0.3978125,0.2866071428571429,0.4208928571428572
0.44410714285714276,0.895,0.545,0.485,0.5549999999999999,0.495,0.565,0.34600000000000003,0.56,0.31,0.215,0.4125,0.31,0.355
0.3503571428571428,0.545,1.0,0.53,0.36,0.37,0.42,0.30000000000000004,0.41,0.23,0.14,0.3375,0.27,0.28
0.30732142857142847,0.485,0.53,1.0,0.37,0.35,0.36,0.24200000000000002,0.36,0.22,0.13,0.26,0.19,0.21
0.402142857142857,0.5549999999999999,0.36,0.37,1.0,0.46,0.51,0.34,0.5,0.29,0.2,0.3825,0.26,0.32
0.4010714285714284,0.495,0.37,0.35,0.46,1.0,0.53,0.36400000000000005,0.5,0.3,0.17,0.3925,0.33,0.33
0.4423214285714285,0.565,0.42,0.36,0.51,0.53,1.0,0.37800000000000006,0.57,0.32,0.18,0.41000000000000003,0.32,0.36
0.36135714285714277,0.34600000000000003,0.30000000000000004,0.24200000000000002,0.34,0.36400000000000005,0.37800000000000006,0.7688,0.43000000000000005,0.26600000000000007,0.14,0.3145,0.20600000000000002,0.27
0.4766071428571429,0.56,0.41,0.36,0.5,0.5,0.57,0.43000000000000005,1.0,0.36,0.22,0.425,0.3,0.37
0.3333928571428571,0.31,0.23,0.22,0.29,0.3,0.32,0.26600000000000007,0.36,1.0,0.16,0.305,0.21,0.31
0.2148214285714285,0.215,0.14,0.13,0.2,0.17,0.18,0.14,0.22,0.16,1.0,0.2025,0.14,0.28
0.39781249999999996,0.41250000000000003,0.3375,0.26,0.3825,0.3925,0.41000000000000003,0.3145,0.425,0.305,0.2025,0.69125,0.475,0.445
0.2866071428571429,0.31,0.27,0.19,0.26,0.33,0.32,0.20600000000000004,0.3,0.21,0.14,0.475,1.0,0.34
0.42089285714285707,0.355,0.28,0.21,0.32,0.33,0.36,0.27,0.37,0.31,0.28,0.445,0.34,1.0
