1,2,3,4,5,6,7,8,9,10,11,12,13,14
4.1274999999999995,1.5273506473629423,1.4424978336205567,7.244530032004518,1.2091525958289961,1.1349999999999996,1.9902104160113325,1.7074999999999998,0.47376154339498683,0.6611448404094219,0.7459976541518076,1.025,0.8308504678941933,0.63286056916196
1.5273506473629423,0.0,0.51,2.1702645177312085,0.35,0.3959797974644666,0.6293117934166922,0.5161879502661797,0.15,0.19,0.21,0.282842712474619,0.21,0.14
1.4424978336205567,0.51,0.0,1.9844399519957576,0.31,0.3252691193458118,0.5658032638058333,0.4454772721475249,0.16,0.2,0.17,0.3040559159102154,0.21,0.16
7.244530032004518,2.1702645177312085,1.9844399519957576,22.504999999999995,2.92465678459752,3.888002379114497,5.385109812465082,4.451836267636776,1.4810495239213617,2.1869055236179658,2.2174140344103535,3.7771967627614242,3.116028352295224,2.749926222786572
1.2091525958289961,0.35,0.31,2.92465678459752,0.0,0.4879036790187178,0.7621023553303061,0.6646803743153546,0.2,0.28,0.26,0.4454772721475249,0.35,0.29
1.1349999999999996,0.3959797974644666,0.3252691193458118,3.888002379114497,0.4879036790187178,0.6999999999999998,0.9471360338761622,0.7449999999999999,0.19091883092036782,0.2757716446627535,0.28991378028648446,0.4899999999999999,0.3394112549695428,0.2969848480983499
1.9902104160113323,0.6293117934166922,0.5658032638058333,5.385109812465081,0.7621023553303061,0.9471360338761622,1.426666666666667,1.7513851660899724,0.31176914536239797,0.43301270189221935,0.49652123150307825,0.7307644399303148,0.5600297611139371,0.4734272207354932
1.7074999999999996,0.5161879502661797,0.4454772721475249,4.451836267636776,0.6646803743153546,0.7449999999999999,1.7513851660899724,0.7399999999999999,0.28991378028648446,0.41012193308819755,0.42426406871192845,0.6149999999999999,0.5020458146424487,0.3959797974644666
0.47376154339498683,0.15,0.16,1.4810495239213617,0.2,0.19091883092036782,0.31176914536239797,0.28991378028648446,0.0,0.71,0.14,0.3252691193458118,0.29,0.24
0.6611448404094219,0.19,0.2,2.1869055236179658,0.28,0.2757716446627535,0.43301270189221935,0.41012193308819755,0.71,0.0,0.16,0.47376154339498683,0.44,0.35
0.7459976541518076,0.21,0.17,2.2174140344103535,0.26,0.28991378028648446,0.49652123150307825,0.42426406871192845,0.14,0.16,0.0,0.35355339059327373,0.29,0.26
1.0249999999999997,0.282842712474619,0.3040559159102154,3.7771967627614242,0.4454772721475249,0.48999999999999994,0.7307644399303148,0.6149999999999999,0.3252691193458118,0.47376154339498683,0.35355339059327373,0.7499999999999999,0.7707463914933367,0.7212489168102784
0.8308504678941933,0.21,0.21,3.1160283522952246,0.35,0.3394112549695428,0.5600297611139371,0.5020458146424487,0.29,0.44,0.29,0.7707463914933367,0.0,0.63
0.63286056916196,0.14,0.16,2.749926222786574,0.29,0.2969848480983499,0.47342722073549315,0.39597979746446654,0.24,0.35,0.26,0.7212489168102784,0.63,0.0
