1,2,3,4,5,6,7,8,9,10,11,12,13,14
15.522285714285713,2.288677721804822,2.4069993174668154,2.594623562016546,5.591601227351097,10.267832134131034,5.643940113077033,2.2210653814265413,1.081797446052501,1.7849657859866273,1.5212776585113301,3.858197950931423,1.9894931156309288,2.085840700669979
2.288677721804822,0.0,0.51,0.35,0.7430118886442308,1.0845429144728822,0.74,0.29,0.15,0.21,0.16,0.4101219330881975,0.21,0.24
2.4069993174668154,0.51,0.0,0.36,0.7675067860720625,1.3158538781230342,0.7949999999999999,0.3,0.14,0.27,0.18,0.4242640687119285,0.22,0.25
2.594623562016546,0.35,0.36,0.0,0.8491564441648352,1.6453628923793826,0.9149999999999999,0.37,0.2,0.26,0.26,0.6010407640085653,0.33,0.35
5.591601227351095,0.7430118886442308,0.7675067860720625,0.8491564441648352,3.646666666666668,3.25346018488058,1.9208082066324756,0.7348469228349536,0.3306811152757291,0.5103103630798289,0.5021453972705516,1.3567731325956207,0.6082899527911559,0.6736096792653741
10.267832134131034,1.0845429144728822,1.3158538781230342,1.6453628923793826,3.25346018488058,10.253333333333332,3.344189167866583,1.3311291304395536,1.2351132587357168,1.464242043483509,1.867945140420095,2.7404274953267524,1.9945115167569705,1.974871906635731
5.643940113077034,0.74,0.7949999999999999,0.9149999999999999,1.9208082066324759,3.344189167866584,2.195,0.8,0.395,0.59,0.49,1.237436867076458,0.665,0.7150000000000001
2.2210653814265413,0.29,0.3,0.37,0.7348469228349536,1.3311291304395536,0.8,0.0,0.13,0.19,0.2,0.5161879502661797,0.26,0.28
1.081797446052501,0.15,0.14,0.2,0.3306811152757291,1.2351132587357168,0.395,0.13,0.0,0.14,0.19,0.2545584412271571,0.31,0.31
1.7849657859866273,0.21,0.27,0.26,0.5103103630798289,1.464242043483509,0.59,0.19,0.14,0.0,0.21,0.35355339059327373,0.23,0.25
1.5212776585113301,0.16,0.18,0.26,0.5021453972705516,1.867945140420095,0.49,0.2,0.19,0.21,0.0,0.3889087296526011,0.32,0.31
3.858197950931422,0.4101219330881975,0.4242640687119285,0.6010407640085653,1.3567731325956205,2.740427495326753,1.237436867076458,0.5161879502661797,0.2545584412271571,0.35355339059327373,0.3889087296526011,0.7599999999999999,0.5868986283848344,0.5868986283848344
1.989493115630928,0.21,0.22,0.33,0.608289952791156,1.9945115167569705,0.665,0.26,0.31,0.23,0.32,0.5868986283848343,0.0,0.7
2.085840700669979,0.24,0.25,0.35,0.6736096792653741,1.974871906635731,0.7150000000000001,0.28,0.31,0.25,0.31,0.5868986283848343,0.7,0.0
