1,2,3,4,5,6,7,8,9,10
36.32393939393938,3.8699964763902166,3.760445049418611,4.746407892163069,3.814605305449516,4.00785894628707,4.922428724263516,5.912547584535274,6.076180581133631,4.570387060062621
3.8699964763902166,0.0,0.63,0.5,0.34,0.4,0.51,0.5161879502661797,0.5444722215136416,0.49
3.760445049418611,0.63,0.0,0.48,0.38,0.37,0.49,0.5374011537017761,0.565685424949238,0.46
4.746407892163069,0.5,0.48,0.0,0.51,0.53,0.69,0.7283199846221439,0.7071067811865475,0.62
3.814605305449516,0.34,0.38,0.51,0.0,0.4,0.54,0.6081118318204308,0.6081118318204308,0.46
4.00785894628707,0.4,0.37,0.53,0.4,0.0,0.55,0.6151828996322962,0.6293250352560272,0.53
4.922428724263516,0.51,0.49,0.69,0.54,0.55,0.0,0.7353910524340094,0.7353910524340094,0.64
5.9125475845352735,0.5161879502661797,0.5374011537017761,0.7283199846221439,0.6081118318204308,0.6151828996322962,0.7353910524340094,0.6699999999999999,1.3399999999999999,0.6505382386916236
6.076180581133631,0.5444722215136416,0.565685424949238,0.7071067811865475,0.6081118318204308,0.6293250352560272,0.7353910524340094,1.3399999999999996,0.6799999999999999,0.7071067811865475
4.570387060062621,0.49,0.46,0.62,0.46,0.53,0.64,0.6505382386916236,0.7071067811865475,0.0
