1,2,3,4,5,6,7,8,9,10
36.44149253731343,4.647325663313851,3.870327997207751,3.456173580839875,4.753613079903837,4.4689582745536445,4.982069940850126,6.177523111332308,4.525156218957545,4.5642504411515645
4.647325663313851,0.0,0.62,0.61,0.64,0.55,0.65,0.714177848998413,0.54,0.51
3.870327997207751,0.62,0.0,0.58,0.48,0.45,0.53,0.5868986283848344,0.45,0.44
3.456173580839875,0.61,0.58,0.0,0.46,0.43,0.46,0.5374011537017761,0.37,0.35
4.753613079903837,0.64,0.48,0.46,0.0,0.56,0.66,0.7990306627407986,0.55,0.53
4.4689582745536445,0.55,0.45,0.43,0.56,0.0,0.59,0.7707463914933368,0.45,0.46
4.982069940850126,0.65,0.53,0.46,0.66,0.59,0.0,0.9121677477306462,0.57,0.6
6.177523111332306,0.714177848998413,0.5868986283848344,0.5374011537017761,0.7990306627407986,0.7707463914933368,0.9121677477306462,0.7399999999999999,0.7495331880577403,0.7212489168102785
4.525156218957545,0.54,0.45,0.37,0.55,0.45,0.57,0.7495331880577403,0.0,0.77
4.5642504411515645,0.51,0.44,0.35,0.53,0.46,0.6,0.7212489168102785,0.77,0.0
