1,2,3,4,5,6,7,8,9,10
31.83694915254239,3.996799567111293,4.199894268241377,9.697498122222479,5.4120581786242425,3.972063674024937,3.745534968918303,4.151724371178474,4.029346794856499,9.79414705883925
3.996799567111293,0.0,0.52,1.2387816595348837,0.6858935777509511,0.5,0.47,0.43,0.39,1.0285912696499033
4.199894268241377,0.52,0.0,1.2656144752648808,0.8555992052357224,0.51,0.46,0.49,0.46,1.0822569011098981
9.697498122222479,1.2387816595348837,1.2656144752648808,3.1479999999999997,1.6854939928697459,1.6725788471698426,1.1985324359398872,1.2477259314448828,1.1627553482998907,2.798
5.412058178624242,0.6858935777509511,0.8555992052357224,1.6854939928697459,0.7799999999999998,0.6788225099390855,0.5939696961966999,0.6505382386916236,0.6151828996322963,1.5400292205020003
3.972063674024937,0.5,0.51,1.6725788471698426,0.6788225099390855,0.0,0.49,0.49,0.48,1.1359225325698932
3.745534968918303,0.47,0.46,1.1985324359398872,0.5939696961966999,0.49,0.0,0.48,0.44,1.0777847651548986
4.151724371178474,0.43,0.49,1.2477259314448828,0.6505382386916236,0.49,0.48,0.0,0.65,1.265614475264881
4.029346794856499,0.39,0.46,1.1627553482998907,0.6151828996322963,0.48,0.44,0.65,0.0,1.3729457381848706
9.79414705883925,1.028591269649903,1.0822569011098981,2.7979999999999996,1.5400292205020005,1.1359225325698932,1.0777847651548986,1.2656144752648808,1.3729457381848709,3.232
