1,2,3,4,5,6,7,8,9,10
33.594333333333324,3.8729833462074175,4.169912069416654,10.478734073244622,4.540427476203828,3.8510364405789095,3.0093080600031623,5.338469193817018,5.511914670360321,5.458968156468155
3.8729833462074175,0.0,0.48,1.0900229355385143,0.53,0.37,0.27,0.551543289325507,0.5374011537017761,0.5091168824543142
4.169912069416654,0.48,0.0,1.294147080770446,0.63,0.48,0.35,0.6576093065034891,0.6788225099390855,0.6010407640085653
10.478734073244622,1.0900229355385143,1.294147080770446,3.2600000000000007,1.4125390850049662,1.236992320105505,0.9512185167808008,2.1131019852340303,1.700296542763448,1.6916362887256036
4.540427476203828,0.53,0.63,1.4125390850049662,0.0,0.52,0.36,0.7212489168102784,0.6858935777509511,0.6646803743153545
3.8510364405789095,0.37,0.48,1.236992320105505,0.52,0.0,0.33,0.5798275605729689,0.6222539674441617,0.5939696961966999
3.0093080600031623,0.27,0.35,0.9512185167808008,0.36,0.33,0.0,0.49497474683058323,0.6151828996322963,0.6505382386916236
5.338469193817018,0.551543289325507,0.6576093065034891,2.1131019852340307,0.7212489168102784,0.5798275605729689,0.49497474683058323,0.7199999999999999,0.8649999999999998,0.8849999999999999
5.51191467036032,0.5374011537017761,0.6788225099390855,1.700296542763448,0.6858935777509511,0.6222539674441617,0.6151828996322963,0.865,0.8199999999999998,1.1549999999999998
5.458968156468155,0.5091168824543142,0.6010407640085653,1.6916362887256036,0.6646803743153545,0.5939696961966999,0.6505382386916236,0.8849999999999999,1.1549999999999998,0.7099999999999999
