1,2,3,4,5,6,7,8,9,10
17.705999999999996,3.083677998754086,9.451223906634175,2.957701810527896,14.530314484289239,3.5729768167920337,2.775127624692842,5.385938482134133,2.7696503991177903,3.3009412798978013
3.083677998754086,0.0,1.5906256630646949,0.52,2.6230947230182005,0.61,0.5,0.9750000000000001,0.45,0.57
9.451223906634173,1.5906256630646949,6.3260000000000005,2.317949524903422,8.021701144972884,1.7961737109756397,1.6348975503070522,3.0136506101404654,1.7266036024519353,1.8467701535383338
2.957701810527896,0.52,2.317949524903422,0.0,2.573057699688432,0.56,0.52,0.96,0.53,0.59
14.53031448428924,2.6230947230182005,8.021701144972884,2.573057699688432,15.891111111111112,2.871355338769739,2.907920855818414,5.56950559678259,2.6230947230182,3.2042939940024224
3.5729768167920337,0.61,1.7961737109756397,0.56,2.871355338769739,0.0,0.52,1.06,0.54,0.63
2.775127624692842,0.5,1.6348975503070522,0.52,2.907920855818414,0.52,0.0,1.0050000000000001,0.57,0.69
5.385938482134133,0.9750000000000001,3.0136506101404654,0.96,5.56950559678259,1.06,1.0050000000000001,2.0250000000000004,1.22,1.0999999999999999
2.7696503991177903,0.45,1.7266036024519353,0.53,2.6230947230182,0.54,0.57,1.22,0.0,0.61
3.3009412798978013,0.57,1.8467701535383338,0.59,3.2042939940024224,0.63,0.69,1.0999999999999999,0.61,0.0
