1,2,3,4,5,6,7,8,9,10
4.305714285714285,9.618242147637059,1.753755154762814,1.6743826154308765,1.3644517475633102,1.5420950498776471,1.910917879673834,3.5372025367109363,1.387129615943864,1.0205040771249134
9.618242147637064,30.115185185185194,3.2169965288552396,2.962521761132765,4.126029388954778,4.259390497172973,5.579128101269084,11.857812278706263,4.117864423145499,3.5640075757495246
1.753755154762814,3.2169965288552396,0.0,0.56,0.48,0.53,0.6434671708797581,1.1879393923933996,0.46,0.34
1.6743826154308765,2.962521761132765,0.56,0.0,0.43,0.5,0.6151828996322963,1.0535891039679557,0.46,0.31
1.3644517475633102,4.126029388954778,0.48,0.43,0.0,0.62,0.8202438661763951,1.4884597743976824,0.61,0.42
1.5420950498776471,4.259390497172973,0.53,0.5,0.62,0.0,0.8980256121069152,1.5556349186104046,0.66,0.44
1.9109178796738342,5.579128101269083,0.6434671708797581,0.6151828996322963,0.8202438661763951,0.8980256121069152,0.8299999999999998,2.1349999999999993,1.0606601717798212,0.6010407640085653
3.537202536710936,11.857812278706263,1.1879393923933996,1.0535891039679557,1.4884597743976824,1.5556349186104046,2.1349999999999993,4.522499999999999,1.5414927829866736,1.5344217151748079
1.387129615943864,4.117864423145499,0.46,0.46,0.61,0.66,1.0606601717798212,1.5414927829866736,0.0,0.43
1.0205040771249134,3.5640075757495246,0.34,0.31,0.42,0.44,0.6010407640085653,1.5344217151748079,0.43,0.0
