1,2,3,4,5,6,7,8,9,10
20.91243243243244,17.215511340960244,5.443421105640582,4.248851196086594,2.9526058120042165,3.1581045461359127,3.7450089308160397,3.532934237192129,3.388618669382332,3.7640985425248683
17.215511340960244,15.810370370370372,4.786666666666667,3.7694925486163355,2.6538867373749797,2.9502598755589875,3.1119179509320833,2.898298351331921,3.45650219259404,3.863389655423023
5.443421105640583,4.786666666666668,1.5800000000000005,1.4451989482420753,0.7736493607140986,0.84870489570875,1.027683479157534,0.9353074360871939,0.8981462390204987,0.9553009996854395
4.248851196086593,3.769492548616334,1.4451989482420753,0.7799999999999998,0.6151828996322963,0.6576093065034891,0.8273149339882605,0.7000357133746821,0.7249999999999999,0.7799999999999998
2.9526058120042165,2.6538867373749797,0.7736493607140986,0.6151828996322963,0.0,0.59,0.55,0.45,0.5161879502661797,0.5798275605729689
3.1581045461359127,2.9502598755589875,0.84870489570875,0.6576093065034891,0.59,0.0,0.55,0.5,0.551543289325507,0.6576093065034891
3.7450089308160397,3.1119179509320833,1.027683479157534,0.8273149339882605,0.55,0.55,0.0,0.64,0.6363961030678927,0.67175144212722
3.532934237192129,2.898298351331921,0.9353074360871939,0.7000357133746821,0.45,0.5,0.64,0.0,0.5727564927611035,0.6010407640085653
3.3886186693823315,3.4565021925940393,0.8981462390204987,0.7249999999999999,0.5161879502661797,0.551543289325507,0.6363961030678927,0.5727564927611034,0.8299999999999998,1.19
3.7640985425248683,3.8633896554230227,0.9553009996854395,0.7799999999999998,0.5798275605729689,0.6576093065034891,0.67175144212722,0.6010407640085653,1.19,0.8599999999999999
