1,2,3,4,5,6,7,8,9,10
0.6206228373702423,0.48617647058823527,0.5210399159663864,0.6179411764705882,0.5362745098039216,0.6176470588235293,0.5795588235294118,0.5888235294117649,0.5197058823529411,0.5232941176470588
0.48617647058823527,1.0,0.36464285714285705,0.46,0.4166666666666667,0.46,0.375,0.46,0.39,0.36
0.5210399159663864,0.36464285714285705,0.5898214285714285,0.5364285714285714,0.538690476190476,0.5267857142857142,0.5394642857142857,0.525,0.45357142857142857,0.5066428571428572
0.6179411764705882,0.46,0.5364285714285714,1.0,0.5566666666666666,0.69,0.585,0.65,0.54,0.542
0.5362745098039214,0.4166666666666667,0.5386904761904763,0.5566666666666666,0.8511111111111109,0.55,0.5116666666666666,0.5466666666666667,0.45666666666666667,0.4986666666666667
0.6176470588235293,0.46,0.5267857142857142,0.69,0.55,1.0,0.59,0.63,0.5,0.534
0.5795588235294116,0.375,0.5394642857142856,0.585,0.5116666666666666,0.59,0.9099999999999999,0.565,0.51,0.621
0.5888235294117649,0.46,0.525,0.65,0.5466666666666667,0.63,0.565,1.0,0.68,0.5
0.5197058823529411,0.39,0.45357142857142857,0.54,0.45666666666666667,0.5,0.51,0.68,1.0,0.434
0.5232941176470589,0.36000000000000004,0.5066428571428572,0.542,0.49866666666666676,0.534,0.621,0.5000000000000001,0.434,0.7352000000000001
