1,2,3,4,5,6,7,8,9,10
34.29619047619047,3.836339401043658,4.7535331888793815,4.199185295132513,6.196006458336369,4.113513347917089,6.402688485415312,7.060803535069261,5.678410519832642,4.939995662230597
3.836339401043658,0.0,0.68,0.48,0.700035713374682,0.44,0.7424621202458749,0.715914333795136,0.5374011537017761,0.49
4.7535331888793815,0.68,0.0,0.63,0.8626702730475879,0.55,0.9263098833543771,0.9295339333952976,0.7283199846221439,0.63
4.199185295132513,0.48,0.63,0.0,0.7424621202458749,0.46,0.834386001800126,0.84870489570875,0.6788225099390855,0.59
6.196006458336367,0.700035713374682,0.8626702730475879,0.7424621202458749,0.8299999999999998,1.1030865786510142,1.1499999999999997,1.2329098372008664,0.8399999999999999,0.8273149339882605
4.113513347917089,0.44,0.55,0.46,1.1030865786510142,0.0,0.7424621202458749,0.8140638795573725,0.5798275605729689,0.56
6.402688485415312,0.7424621202458749,0.9263098833543771,0.834386001800126,1.1499999999999997,0.7424621202458749,0.8099999999999999,1.2737346662472526,0.9399999999999998,0.8838834764831843
7.06080353506926,0.715914333795136,0.9295339333952976,0.84870489570875,1.2329098372008664,0.8140638795573725,1.2737346662472526,1.4000000000000006,1.114517832966346,1.0161364737737415
5.678410519832642,0.5374011537017761,0.7283199846221439,0.6788225099390855,0.8399999999999999,0.5798275605729689,0.9399999999999998,1.114517832966346,0.8199999999999998,0.8131727983645296
4.939995662230597,0.49,0.63,0.59,0.8273149339882605,0.56,0.8838834764831843,1.0161364737737415,0.8131727983645296,0.0
