1,2,3,4,5,6,7,8,9,10
34.32950819672132,3.823181234796273,4.223936668986239,4.377580924905715,4.103582001849315,4.807784841480244,2.893633486483449,10.893836439259568,3.186837941529782,5.076339280604014
3.823181234796273,0.0,0.47,0.46,0.41,0.5,0.27,1.141452708487866,0.32,0.5303300858899106
4.223936668986239,0.47,0.0,0.52,0.49,0.64,0.35,1.2964181424216492,0.38,0.6222539674441618
4.377580924905715,0.46,0.52,0.0,0.82,0.62,0.36,1.262401339850819,0.37,0.6081118318204308
4.103582001849315,0.41,0.49,0.82,0.0,0.6,0.32,1.1338934190276815,0.35,0.5374011537017761
4.807784841480244,0.5,0.64,0.62,0.6,0.0,0.4,1.4287057079748788,0.45,0.67175144212722
2.893633486483449,0.27,0.35,0.36,0.32,0.4,0.0,1.4249260632447864,0.3,0.7566042558696058
10.893836439259566,1.141452708487866,1.2964181424216492,1.262401339850819,1.1338934190276815,1.4287057079748788,1.4249260632447864,4.157142857142857,1.0318430113151902,2.287756230770352
3.186837941529782,0.32,0.38,0.37,0.35,0.45,0.3,1.0318430113151902,0.0,0.4949747468305832
5.076339280604012,0.5303300858899106,0.6222539674441617,0.6081118318204308,0.5374011537017761,0.67175144212722,0.7566042558696059,2.287756230770352,0.4949747468305832,0.8599999999999999
