1,2,3,4,5,6,7,8,9,10
28.311600000000002,3.450681092190352,4.678218464330199,3.8311045404687145,5.172,4.27233917192912,3.9670000000000005,9.56100366817507,6.247015340678033,11.195857368787003
3.450681092190352,0.0,0.55,0.41,0.5868986283848344,0.48,0.417193000900063,1.028063366585098,0.6697263122599659,1.2599999999999998
4.678218464330199,0.55,0.0,0.58,0.8202438661763951,0.75,0.6222539674441617,1.5231968262271856,1.0161364737737415,1.7766666666666666
3.8311045404687145,0.41,0.58,0.0,0.8273149339882606,0.53,0.551543289325507,1.251062405660542,0.8140638795573725,1.4066666666666665
5.172000000000001,0.5868986283848344,0.8202438661763951,0.8273149339882606,0.7799999999999998,0.7353910524340093,0.7249999999999999,1.6703827619526523,1.0859404526338756,1.998755168153974
4.27233917192912,0.48,0.75,0.53,0.7353910524340093,0.0,0.551543289325507,1.349333168642941,0.9237604307034013,1.6666666666666665
3.967,0.417193000900063,0.6222539674441617,0.551543289325507,0.7249999999999999,0.551543289325507,0.8299999999999998,2.076619849659537,0.9920433458271871,2.2273863607376243
9.561003668175069,1.028063366585098,1.5231968262271856,1.251062405660542,1.6703827619526521,1.349333168642941,2.076619849659537,3.8571428571428563,2.5749711047847104,5.069763464630434
6.24701534067803,0.6697263122599659,1.0161364737737415,0.8140638795573725,1.0859404526338758,0.9237604307034013,0.9920433458271872,2.5749711047847104,1.4000000000000004,2.7135462651912414
11.195857368787001,1.2599999999999998,1.7766666666666666,1.4066666666666667,1.9987551681539741,1.6666666666666665,2.2273863607376247,5.069763464630434,2.7135462651912414,6.148888888888888
