1,2,3,4,5,6,7,8,9,10
0.5597460937500001,0.5728125,0.6317187500000001,0.5153125000000001,0.5369270833333333,0.5714062499999999,0.5489062499999999,0.5520312499999999,0.39999999999999997,0.518984375
0.5728125,1.0,0.74,0.53,0.6433333333333333,0.67,0.655,0.56,0.4,0.5
0.6317187500000001,0.74,1.0,0.56,0.6799999999999999,0.75,0.7150000000000001,0.63,0.45,0.5449999999999999
0.5153125000000001,0.53,0.56,1.0,0.52,0.5,0.5,0.49,0.35,0.41500000000000004
0.5369270833333335,0.6433333333333333,0.6799999999999999,0.52,0.851111111111111,0.6166666666666666,0.5966666666666667,0.51,0.38666666666666666,0.4833333333333333
0.5714062499999999,0.67,0.75,0.5,0.6166666666666666,1.0,0.64,0.57,0.42,0.495
0.5489062500000002,0.655,0.7150000000000001,0.5,0.5966666666666667,0.64,0.88,0.535,0.385,0.49
0.5520312499999999,0.56,0.63,0.49,0.51,0.57,0.535,1.0,0.56,0.52
0.39999999999999997,0.4,0.45,0.35,0.38666666666666666,0.42,0.385,0.56,1.0,0.39
0.518984375,0.5,0.5449999999999999,0.41500000000000004,0.48333333333333334,0.495,0.49,0.52,0.39,0.845
