1,2,3,4,5,6,7,8,9,10
23.339500000000005,3.1859947426196413,3.241334601672589,3.1085189399455166,10.7865,13.720885787934957,3.873790133706265,6.107106516182602,3.2966744607255354,3.5370075628983315
3.1859947426196413,0.0,0.6,0.59,1.3945644481342552,1.8078363372336068,0.5,0.7390083445627211,0.39,0.47
3.241334601672589,0.6,0.0,0.63,1.3882398928139186,1.6617009357883874,0.52,0.7563288526384099,0.38,0.43
3.1085189399455166,0.59,0.63,0.0,1.400889003454592,1.6734860488081633,0.49,0.7043673284113435,0.35,0.45
10.7865,1.3945644481342552,1.3882398928139186,1.400889003454592,6.546000000000001,6.205833993554417,1.6854939928697463,2.8408543315934622,1.4483231683571178,1.6032747737053683
13.72088578793496,1.8078363372336068,1.6617009357883874,1.6734860488081633,6.205833993554417,10.973333333333336,2.1354624791833734,3.8280081369161567,2.4230192368659034,2.995775729627007
3.873790133706265,0.5,0.52,0.49,1.6854939928697463,2.1354624791833734,0.0,0.9295339333952977,0.51,0.58
6.1071065161826015,0.7390083445627211,0.7563288526384099,0.7043673284113435,2.8408543315934622,3.8280081369161567,0.9295339333952977,1.4000000000000004,1.1316065276116667,0.9526279441628825
3.2966744607255354,0.39,0.38,0.35,1.4483231683571178,2.4230192368659034,0.51,1.1316065276116667,0.0,0.61
3.5370075628983315,0.47,0.43,0.45,1.6032747737053683,2.995775729627007,0.58,0.9526279441628825,0.61,0.0
