1,2,3,4,5,6,7,8,9,10
35.86184615384615,3.475453263189622,4.289121122094826,4.186172292385786,6.5428528240304376,4.71828130377349,6.48584405277548,3.898411708138823,3.7086385642173325,5.445653241877345
3.475453263189622,0.0,0.41,0.39,0.6646803743153546,0.47,0.5303300858899106,0.39,0.3,0.45254833995939037
4.289121122094826,0.41,0.0,0.49,0.820243866176395,0.59,0.7919595949289332,0.5,0.42,0.6222539674441618
4.186172292385786,0.39,0.49,0.0,0.7848885271170677,0.53,0.6788225099390855,0.45,0.36,0.5374011537017761
6.5428528240304376,0.6646803743153546,0.820243866176395,0.7848885271170677,0.8199999999999998,0.9475230867899737,1.16,1.0677312395916867,0.6151828996322963,0.8849999999999998
4.71828130377349,0.47,0.59,0.53,0.9475230867899737,0.0,0.8273149339882606,0.56,0.42,0.5939696961966998
6.485844052775482,0.5303300858899106,0.7919595949289332,0.6788225099390855,1.16,0.8273149339882606,0.8199999999999998,0.7212489168102784,0.6717514421272202,0.9549999999999998
3.898411708138823,0.39,0.5,0.45,1.0677312395916867,0.56,0.7212489168102784,0.0,0.39,0.5586143571373725
3.7086385642173325,0.3,0.42,0.36,0.6151828996322963,0.42,0.6717514421272202,0.39,0.0,0.6505382386916236
5.445653241877343,0.45254833995939037,0.6222539674441617,0.5374011537017761,0.8849999999999998,0.5939696961966998,0.955,0.5586143571373725,0.6505382386916236,0.8599999999999999
