1,2,3,4,5,6,7,8,9,10
36.736969696969666,3.9056930087742225,3.5044147481815995,5.2363120262608165,6.780324699474427,3.168374977808022,4.434986419985356,3.2779264047796284,4.3069712693668505,5.466908785288686
3.9056930087742225,0.0,0.58,0.57,0.714177848998413,0.27,0.44,0.32,0.39,0.5303300858899106
3.5044147481815995,0.58,0.0,0.51,0.6858935777509511,0.21,0.36,0.25,0.32,0.45254833995939037
5.2363120262608165,0.57,0.51,0.0,1.0535891039679557,0.39,0.61,0.45,0.58,0.6929646455628165
6.78032469947443,0.714177848998413,0.6858935777509511,1.0535891039679557,0.8299999999999998,0.48790367901871773,0.7919595949289332,0.5798275605729689,0.7353910524340094,0.8699999999999999
3.168374977808022,0.27,0.21,0.39,0.48790367901871773,0.0,0.35,0.3,0.42,0.7566042558696058
4.434986419985356,0.44,0.36,0.61,0.7919595949289332,0.35,0.0,0.52,0.65,0.6293250352560272
3.2779264047796284,0.32,0.25,0.45,0.5798275605729689,0.3,0.52,0.0,0.5,0.4949747468305832
4.3069712693668505,0.39,0.32,0.58,0.7353910524340094,0.42,0.65,0.5,0.0,0.7212489168102785
5.466908785288688,0.5303300858899106,0.45254833995939037,0.6929646455628165,0.8699999999999999,0.7566042558696059,0.6293250352560272,0.4949747468305832,0.7212489168102785,0.8599999999999999
