1,2,3,4,5,6,7,8,9,10
34.996562499999996,3.92125,4.64875,6.458536562662627,6.334792875954982,3.8749999999999996,3.1437499999999994,5.995381620985438,4.1825,6.411690738409019
3.92125,0.0,0.5,0.7424621202458749,0.6293250352560272,0.37,0.27,0.6081118318204308,0.36,0.6434671708797581
4.64875,0.5,0.0,0.9545941546018392,0.8273149339882605,0.53,0.35,0.7990306627407986,0.52,0.834386001800126
6.458536562662627,0.7424621202458749,0.9545941546018392,0.8099999999999999,1.13,0.700035713374682,0.4596194077712559,1.0599999999999998,0.714177848998413,1.1349999999999998
6.334792875954982,0.6293250352560272,0.8273149339882605,1.13,0.8199999999999998,0.7848885271170677,0.5374011537017761,1.2399999999999998,0.9050966799187807,1.2649999999999997
3.8749999999999996,0.37,0.53,0.700035713374682,0.7848885271170677,0.0,0.33,0.7353910524340094,0.47,0.8909545442950498
3.1437499999999994,0.27,0.35,0.4596194077712559,0.5374011537017761,0.33,0.0,0.5303300858899106,0.42,0.5374011537017761
5.995381620985437,0.6081118318204308,0.7990306627407986,1.06,1.2399999999999998,0.7353910524340094,0.5303300858899106,0.7399999999999999,0.9333809511662426,1.085
4.1825,0.36,0.52,0.714177848998413,0.9050966799187807,0.47,0.42,0.9333809511662426,0.0,0.7566042558696058
6.411690738409019,0.6434671708797581,0.834386001800126,1.1349999999999998,1.265,0.8909545442950498,0.5374011537017761,1.085,0.7566042558696058,0.7399999999999999
