1,2,3,4,5,6,7,8,9,10
4.977499999999999,1.8031222920256957,1.8879751057680818,10.409625353488952,2.3964174650228762,3.3587351910106475,1.438962299714624,0.8414570696119916,1.2445079348883235,1.0748023074035522
1.8031222920256957,0.0,0.6,3.3843783279454245,0.7621023553303061,1.1022703842524302,0.44,0.27,0.39,0.37
1.8879751057680818,0.6,0.0,3.3217802567409653,0.7447818472546174,1.0900229355385143,0.46,0.28,0.42,0.34
10.409625353488952,3.3843783279454245,3.3217802567409653,30.704074074074075,6.7764399863710825,10.350000000000005,4.0402972479573664,3.0183156941628266,3.905575312104291,3.5027703321799453
2.396417465022876,0.7621023553303061,0.7447818472546174,6.776439986371084,1.6000000000000005,2.1401765243912845,1.1085125168440817,0.5658032638058333,0.8775724091682313,0.6581793068761734
3.358735191010648,1.1022703842524302,1.0900229355385143,10.349999999999998,2.1401765243912845,3.380000000000001,1.2982295636750845,0.9267236193529691,1.469693845669907,1.1308477645849007
1.438962299714624,0.44,0.46,4.0402972479573664,1.1085125168440817,1.2982295636750845,0.0,0.35,0.52,0.35
0.8414570696119916,0.27,0.28,3.0183156941628266,0.5658032638058333,0.9267236193529691,0.35,0.0,0.34,0.39
1.2445079348883235,0.39,0.42,3.905575312104291,0.8775724091682313,1.469693845669907,0.52,0.34,0.0,0.39
1.0748023074035522,0.37,0.34,3.5027703321799453,0.6581793068761734,1.1308477645849007,0.35,0.39,0.39,0.0
