1,2,3,4,5,6,7,8,9,10
0.5744287109375001,0.47656249999999994,0.4668749999999999,0.5616796875,0.5960937500000001,0.49796875,0.43304687500000005,0.4090624999999999,0.56640625,0.4821875
0.47656249999999994,1.0,0.63,0.5025,0.5,0.4,0.325,0.3,0.49,0.33
0.4668749999999999,0.63,1.0,0.47,0.48,0.37,0.29500000000000004,0.29,0.46,0.34
0.5616796875000001,0.5025,0.47,0.825,0.79,0.485,0.37625,0.39,0.5874999999999999,0.4175
0.5960937500000001,0.5,0.48,0.79,1.0,0.52,0.41500000000000004,0.42,0.61,0.48
0.49796875,0.4,0.37,0.485,0.52,1.0,0.365,0.32,0.53,0.42
0.433046875,0.325,0.29500000000000004,0.37625,0.41500000000000004,0.365,0.915,0.32499999999999996,0.37,0.585
0.4090624999999999,0.3,0.29,0.39,0.42,0.32,0.32499999999999996,1.0,0.42,0.35
0.56640625,0.49,0.46,0.5874999999999999,0.61,0.53,0.37,0.42,1.0,0.4
0.4821875,0.33,0.34,0.4175,0.48,0.42,0.585,0.35,0.4,1.0
