1,2,3,4,5,6,7,8,9,10
30.955714285714286,6.249642561207571,6.632729498120522,9.4526534602976,7.06709342826381,6.09184239372622,4.500679313805224,4.586598879966972,4.469944270985299,3.4917681255858244
6.2496425612075726,0.7999999999999999,1.3513018414353866,1.9110293910176612,1.4860237772884615,1.13,0.9263098833543773,0.8249999999999998,0.8131727983645296,0.6222539674441617
6.63272949812052,1.3513018414353868,1.6333333333333337,3.0476302269140207,1.5800000000000005,1.236992320105505,1.0565509926170153,0.9022287219251373,0.84870489570875,0.6408587988004847
9.452653460297602,1.9110293910176612,3.0476302269140207,3.5433333333333343,2.1684607956387465,1.7320508075688774,1.4819412943838228,1.3076983597145024,1.2574047346286983,0.9308061022576078
7.067093428263811,1.4860237772884615,1.5800000000000005,2.1684607956387465,1.5533333333333335,1.3635492901493027,1.0796450033846003,0.9471360338761623,0.964174949546675,0.7274613391789286
6.0918423937262185,1.13,1.236992320105505,1.7320508075688774,1.3635492901493025,0.8199999999999998,0.8626702730475879,0.8449999999999999,0.8414570696119914,0.6717514421272202
4.500679313805224,0.9263098833543773,1.0565509926170153,1.4819412943838228,1.0796450033846003,0.8626702730475879,0.0,0.6363961030678927,0.6,0.45
4.586598879966971,0.8249999999999998,0.9022287219251374,1.3076983597145024,0.9471360338761622,0.8449999999999999,0.6363961030678927,0.8299999999999998,0.7848885271170677,0.6010407640085653
4.469944270985299,0.8131727983645296,0.84870489570875,1.2574047346286983,0.964174949546675,0.8414570696119914,0.6,0.7848885271170677,0.0,0.62
3.4917681255858244,0.6222539674441617,0.6408587988004847,0.9308061022576078,0.7274613391789286,0.6717514421272202,0.45,0.6010407640085653,0.62,0.0
