1,2,3,4,5,6,7,8,9,10
28.709999999999997,4.211561239840052,3.4419147175775464,4.273965011915391,10.338255460257237,5.988406186444449,3.426660462181353,4.121422457953454,12.010943989731846,2.917723032144705
4.211561239840052,0.0,0.62,0.64,1.4329514995281594,0.8626702730475879,0.45,0.6,1.625146147274146,0.37
3.4419147175775464,0.62,0.0,0.48,1.0941054184431531,0.6788225099390855,0.38,0.47,1.2723778741181626,0.29
4.273965011915391,0.64,0.48,0.0,1.4982712260023772,0.9050966799187807,0.51,0.67,1.6432368279488119,0.4
10.338255460257232,1.4329514995281594,1.0941054184431531,1.4982712260023772,3.830000000000001,2.257439552531437,1.204332456868396,1.5472610208580408,4.411599036699286,1.0328681748735735
5.9884061864444496,0.8626702730475879,0.6788225099390855,0.9050966799187807,2.257439552531437,0.7599999999999999,0.6646803743153546,0.9050966799187807,2.4283561592904026,0.6363961030678927
3.426660462181353,0.45,0.38,0.51,1.204332456868396,0.6646803743153546,0.0,0.49,1.3869521850577124,0.31
4.121422457953454,0.6,0.47,0.67,1.5472610208580408,0.9050966799187807,0.49,0.0,1.5557985380212604,0.37
12.010943989731848,1.6251461472741462,1.2723778741181624,1.6432368279488117,4.411599036699286,2.4283561592904026,1.3869521850577127,1.5557985380212602,6.678181818181819,1.2904685547928285
2.917723032144705,0.37,0.29,0.4,1.0328681748735735,0.6363961030678927,0.31,0.37,1.2904685547928283,0.0
