1,2,3,4,5,6,7,8,9,10
21.37459459459459,3.237016060042485,3.082481011975451,3.3767551992520386,14.095413689817237,3.000281518322771,3.828852414341772,11.19175427297096,4.169802801740797,2.4857126880570024
3.237016060042485,0.0,0.61,0.76,1.892689150975992,0.36,0.52,1.4645916056800858,0.551543289325507,0.35
3.082481011975451,0.61,0.0,0.66,1.9351155578471855,0.35,0.5,1.5554604279303104,0.5586143571373725,0.37
3.3767551992520386,0.76,0.66,0.0,2.0647518010647192,0.39,0.55,1.6222757384084159,0.5727564927611034,0.37
14.095413689817233,1.892689150975992,1.9351155578471855,2.0647518010647192,10.854444444444448,1.9516147160748714,2.566797615707168,9.212254088811566,3.125,2.194388044282253
3.000281518322771,0.36,0.35,0.39,1.9516147160748714,0.0,0.54,1.619603125989292,0.5444722215136415,0.34
3.828852414341772,0.52,0.5,0.55,2.566797615707168,0.54,0.0,2.047221113049171,0.7707463914933367,0.45
11.191754272970963,1.4645916056800858,1.5554604279303104,1.6222757384084159,9.212254088811566,1.619603125989292,2.047221113049171,8.26857142857143,2.6306327321442216,1.9910962522475617
4.169802801740799,0.551543289325507,0.5586143571373725,0.5727564927611034,3.1250000000000004,0.5444722215136415,0.7707463914933367,2.6306327321442216,0.7199999999999999,0.5444722215136415
2.4857126880570024,0.35,0.37,0.37,2.194388044282253,0.34,0.45,1.9910962522475617,0.5444722215136415,0.0
