1,2,3,4,5,6,7,8,9,10,11,12,13
23.470188679245293,2.689519842115332,2.9477577023388664,3.2870382952921293,2.597488264269709,2.9958338997209077,5.650492548241779,2.649685278570212,2.602982686827657,2.012332261848295,2.247218826200554,7.512829278879224,9.087624000421993
2.689519842115332,0.0,0.64,0.35,0.25,0.36,0.5484827557301446,0.23,0.3,0.2,0.21,0.7692073842599276,0.9411315377929759
2.9477577023388664,0.64,0.0,0.37,0.28,0.39,0.6812733176437585,0.25,0.32,0.19,0.25,0.8407615595399208,1.0053854982045445
3.2870382952921293,0.35,0.37,0.0,0.43,0.5,0.7621023553303061,0.37,0.34,0.2,0.28,0.9749256381899083,1.2132659583596193
2.597488264269709,0.25,0.28,0.43,0.0,0.69,0.5658032638058333,0.29,0.27,0.12,0.22,0.733430296619931,0.8428607748105766
2.9958338997209077,0.36,0.39,0.5,0.69,0.0,0.7216878364870323,0.3,0.3,0.16,0.27,0.8899550550449162,1.001605853474452
5.650492548241778,0.5484827557301446,0.6812733176437585,0.7621023553303061,0.5658032638058333,0.7216878364870323,1.5266666666666673,0.5658032638058333,0.6581793068761734,0.4734272207354932,0.4849742261192857,1.7325145502034514,2.1058026407773265
2.649685278570212,0.23,0.25,0.37,0.29,0.3,0.5658032638058333,0.0,0.26,0.2,0.22,0.7736795202149271,0.903335090492053
2.602982686827657,0.3,0.32,0.34,0.27,0.3,0.6581793068761734,0.26,0.0,0.21,0.23,0.7513188404399292,0.944911182523068
2.012332261848295,0.2,0.19,0.2,0.12,0.16,0.4734272207354932,0.2,0.21,0.0,0.15,0.8765386471799176,1.1338934190276815
2.247218826200554,0.21,0.25,0.28,0.22,0.27,0.4849742261192857,0.22,0.23,0.15,0.0,0.7736795202149271,0.9411315377929758
7.512829278879225,0.7692073842599276,0.8407615595399208,0.9749256381899083,0.733430296619931,0.8899550550449162,1.7325145502034516,0.7736795202149271,0.7513188404399292,0.8765386471799176,0.7736795202149271,2.5759999999999996,3.867425869637691
9.087624000421991,0.9411315377929758,1.0053854982045443,1.2132659583596193,0.8428607748105768,1.001605853474452,2.1058026407773265,0.903335090492053,0.9449111825230679,1.1338934190276815,0.9411315377929758,3.867425869637691,4.345714285714285
