1,2,3,4,5,6,7,8,9,10,11,12,13
18.97285714285714,2.4750257333919548,2.670990987843811,4.086424388840968,2.2127100384563985,2.218882172454882,2.7759172658180327,3.1045834012372895,4.083947815766598,3.1246428367323618,11.690527684198603,2.042976353498097,6.671553827721882
2.4750257333919548,0.0,0.58,0.4561067126598044,0.24,0.23,0.33,0.35,0.4384062043356594,0.33,1.314543087696925,0.25,0.6752925292049364
2.670990987843811,0.58,0.0,0.4272391992003231,0.25,0.23,0.37,0.37,0.4879036790187178,0.37,1.365475568954555,0.25,0.6842368011149357
4.08642438884097,0.4561067126598044,0.4272391992003231,1.4400000000000004,1.1258330249197703,1.2701705922171769,0.6697263122599659,0.6754998149518622,0.7675067860720626,0.5715767664977296,2.2334467340246764,0.3868246803570493,1.3400522377877664
2.2127100384563985,0.24,0.25,1.1258330249197703,0.0,0.67,0.35,0.37,0.42426406871192845,0.3,1.2005513439298485,0.21,0.7244860247099318
2.218882172454882,0.23,0.23,1.2701705922171769,0.67,0.0,0.4,0.37,0.3959797974644666,0.29,1.1520442189225817,0.2,0.7244860247099318
2.7759172658180327,0.33,0.37,0.6697263122599659,0.35,0.4,0.0,0.47,0.5868986283848344,0.42,1.4721912439705416,0.27,0.8988993269549155
3.1045834012372895,0.35,0.37,0.6754998149518622,0.37,0.37,0.47,0.0,0.7424621202458749,0.57,1.908755369035941,0.3,1.2208931157148852
4.083947815766598,0.4384062043356594,0.4879036790187178,0.7675067860720626,0.42426406871192845,0.3959797974644666,0.5868986283848344,0.7424621202458749,0.7899999999999999,1.0606601717798212,2.4644346684978515,0.38183766184073564,1.426187224735939
3.1246428367323618,0.33,0.37,0.5715767664977296,0.3,0.29,0.42,0.57,1.0606601717798212,0.0,1.9111807252863042,0.3,1.0241191336949036
11.690527684198607,1.314543087696925,1.365475568954555,2.2334467340246764,1.2005513439298485,1.1520442189225817,1.4721912439705416,1.908755369035941,2.4644346684978524,1.9111807252863042,9.66,1.3387966502005584,4.544693091300847
2.042976353498097,0.25,0.25,0.3868246803570493,0.21,0.2,0.27,0.3,0.38183766184073564,0.3,1.3387966502005584,0.0,0.6708203932499368
6.67155382772188,0.6752925292049364,0.6842368011149357,1.3400522377877664,0.7244860247099318,0.724486024709932,0.8988993269549155,1.2208931157148852,1.4261872247359388,1.0241191336949036,4.5446930913008465,0.6708203932499368,2.776
