1,2,3,4,5,6,7,8,9,10,11,12,13
3.7857142857142847,6.907148789160719,1.4816207341961707,1.0696394586161129,1.0507412349656515,0.9354143466934852,1.274836123922264,0.9902669192841753,0.7256917881777162,1.058300524425836,1.651704747050323,1.6846421126218614,0.8693182879212226
6.907148789160718,24.46384615384615,2.4073988516174953,3.3129469219551826,3.2796649101816677,3.787002569518333,3.952720703710099,3.568109012218786,2.1453030089010734,3.7941493421805674,5.791763423836674,6.403524870665437,3.580589766633855
1.4816207341961707,2.4073988516174953,0.0,0.37,0.33,0.3394112549695428,0.48790367901871773,0.35,0.28,0.35,0.5850000000000001,0.6293117934166922,0.3
1.0696394586161129,3.3129469219551826,0.37,0.0,0.52,0.4666904755831213,0.6646803743153546,0.51,0.35,0.54,0.795,0.8082903768654762,0.43
1.0507412349656515,3.2796649101816677,0.33,0.52,0.0,0.4454772721475249,0.6222539674441617,0.49,0.34,0.51,0.755,0.80251687417358,0.44
0.9354143466934851,3.7870025695183336,0.3394112549695428,0.4666904755831213,0.4454772721475249,0.7099999999999999,0.575,0.5586143571373725,0.31819805153394637,0.49497474683058323,0.7813529932111349,0.751176854453508,0.4666904755831213
1.274836123922264,3.952720703710098,0.48790367901871773,0.6646803743153546,0.6222539674441617,0.575,0.6799999999999999,0.6010407640085653,0.8626702730475879,0.5586143571373725,0.8944900782009826,0.9757134142086326,0.5161879502661797
0.9902669192841753,3.568109012218786,0.35,0.51,0.49,0.5586143571373725,0.6010407640085653,0.0,0.34,0.51,0.76,0.8544783984006462,0.55
0.7256917881777162,2.1453030089010734,0.28,0.35,0.34,0.31819805153394637,0.8626702730475879,0.34,0.0,0.31,0.45999999999999996,0.5196152422706632,0.3
1.058300524425836,3.7941493421805674,0.35,0.54,0.51,0.49497474683058323,0.5586143571373725,0.51,0.31,0.0,1.225,1.0219099764656379,0.51
1.6517047470503232,5.791763423836674,0.5850000000000001,0.795,0.755,0.781352993211135,0.8944900782009826,0.76,0.45999999999999996,1.225,1.795,1.5646192295038859,0.79
1.6846421126218611,6.403524870665436,0.6293117934166922,0.8082903768654762,0.80251687417358,0.751176854453508,0.9757134142086326,0.8544783984006462,0.5196152422706632,1.0219099764656379,1.564619229503886,1.5000000000000004,0.871798906476335
0.8693182879212225,3.580589766633854,0.3,0.43,0.44,0.4666904755831214,0.5161879502661797,0.55,0.3,0.51,0.79,0.871798906476335,0.0
