1,2,3,4,5,6,7,8,9,10,11,12,13
0.502883950617284,0.38333333333333336,0.3851111111111111,0.3757777777777777,0.4744444444444445,0.3495555555555556,0.31700000000000006,0.4481830065359477,0.3651111111111111,0.34777777777777785,0.35366666666666663,0.5786666666666669,0.3844444444444445
0.38333333333333336,1.0,0.58,0.52,0.39,0.27,0.22,0.30941176470588233,0.30666666666666664,0.23,0.225,0.4,0.23
0.3851111111111111,0.58,1.0,0.51,0.39,0.27,0.25,0.3258823529411764,0.2866666666666667,0.25,0.21,0.37,0.23
0.3757777777777777,0.52,0.51,1.0,0.37,0.29,0.25,0.31352941176470583,0.3233333333333333,0.25,0.22,0.35,0.25
0.4744444444444445,0.39,0.39,0.37,1.0,0.35,0.315,0.44411764705882345,0.42999999999999994,0.32,0.26,0.52,0.35
0.3495555555555556,0.27,0.27,0.29,0.35,1.0,0.725,0.46352941176470586,0.29666666666666663,0.35,0.21500000000000002,0.41,0.24
0.3170000000000001,0.22,0.25,0.25,0.315,0.725,0.8200000000000001,0.4326470588235294,0.26666666666666666,0.375,0.1925,0.36,0.22
0.4481830065359476,0.30941176470588233,0.3258823529411764,0.31352941176470583,0.44411764705882345,0.46352941176470586,0.4326470588235294,0.5523875432525952,0.34568627450980394,0.3964705882352941,0.3138235294117647,0.5411764705882353,0.3594117647058824
0.3651111111111111,0.30666666666666664,0.2866666666666667,0.3233333333333333,0.42999999999999994,0.29666666666666663,0.26666666666666666,0.34568627450980394,0.7555555555555555,0.27666666666666667,0.2516666666666667,0.36666666666666664,0.24
0.34777777777777785,0.23,0.25,0.25,0.32,0.35,0.375,0.3964705882352941,0.27666666666666667,1.0,0.155,0.39,0.24
0.3536666666666667,0.225,0.21,0.22,0.26,0.21500000000000002,0.1925,0.3138235294117647,0.25166666666666665,0.155,0.875,0.45,0.355
0.5786666666666669,0.4,0.37,0.35,0.52,0.41,0.36,0.5411764705882353,0.36666666666666664,0.39,0.45,1.0,0.5
0.3844444444444445,0.23,0.23,0.25,0.35,0.24,0.22,0.3594117647058823,0.24,0.24,0.355,0.5,1.0
