1,2,3,4,5,6,7,8,9,10,11,12,13
26.779999999999998,3.6056746463279814,3.429724026295953,7.349087004720764,3.1828679325196743,3.5951701316992035,2.7088517098960754,3.951010564749053,2.7272346104964353,4.850362233184595,2.976716832929909,2.337254504903059,3.5282038509407463
3.6056746463279814,0.0,0.54,1.0205040771249134,0.53,0.55,0.32,0.61,0.43,0.6646803743153545,0.38,0.31,0.45
3.429724026295953,0.54,0.0,0.9373518930628835,0.5,0.54,0.33,0.6,0.41,0.6222539674441617,0.36,0.27,0.44
7.349087004720768,1.0205040771249134,0.9373518930628835,3.3,0.820182906430023,0.9902669192841752,0.820182906430023,1.1565712874082352,0.7181324987175316,1.2775087363413882,0.8315218406202999,0.6009635120846712,0.9411315377929758
3.1828679325196743,0.53,0.5,0.820182906430023,0.0,0.46,0.33,0.55,0.41,0.565685424949238,0.31,0.27,0.38
3.5951701316992035,0.55,0.54,0.9902669192841752,0.46,0.0,0.33,0.58,0.42,0.6293250352560272,0.38,0.27,0.47
2.7088517098960754,0.32,0.33,0.820182906430023,0.33,0.33,0.0,0.43,0.26,0.4666904755831213,0.32,0.22,0.51
3.951010564749053,0.61,0.6,1.1565712874082352,0.55,0.58,0.43,0.0,0.43,0.7566042558696059,0.47,0.35,0.57
2.7272346104964353,0.43,0.41,0.7181324987175316,0.41,0.42,0.26,0.43,0.0,0.4596194077712559,0.27,0.23,0.32
4.850362233184594,0.6646803743153545,0.6222539674441617,1.2775087363413882,0.565685424949238,0.6293250352560272,0.4666904755831213,0.7566042558696059,0.4596194077712559,0.6699999999999999,0.8980256121069153,0.820243866176395,0.6293250352560272
2.976716832929909,0.38,0.36,0.8315218406202999,0.31,0.38,0.32,0.47,0.27,0.8980256121069153,0.0,0.49,0.41
2.337254504903059,0.31,0.27,0.6009635120846712,0.27,0.27,0.22,0.35,0.23,0.820243866176395,0.49,0.0,0.29
3.5282038509407454,0.45,0.44,0.9411315377929758,0.38,0.47,0.51,0.57,0.32,0.6293250352560272,0.41,0.29,0.0
