1,2,3,4,5,6,7,8,9,10,11,12,13
0.4481454545454544,0.36418181818181816,0.46327272727272734,0.44618181818181823,0.40545454545454557,0.48818181818181816,0.43763636363636366,0.41745454545454547,0.46692929292929297,0.5076363636363636,0.30854545454545457,0.3430909090909091,0.4613636363636363
0.36418181818181816,1.0,0.43,0.33,0.39,0.39,0.32,0.33,0.32888888888888884,0.42,0.225,0.23,0.32999999999999996
0.46327272727272734,0.43,1.0,0.51,0.53,0.59,0.52,0.46,0.47222222222222215,0.61,0.3,0.33,0.455
0.44618181818181823,0.33,0.51,1.0,0.39,0.5,0.44,0.41,0.4488888888888889,0.59,0.255,0.29,0.46499999999999997
0.40545454545454557,0.39,0.53,0.39,1.0,0.51,0.47,0.43,0.4122222222222222,0.55,0.27,0.33,0.4
0.48818181818181816,0.39,0.59,0.5,0.51,1.0,0.66,0.67,0.5077777777777778,0.64,0.335,0.36,0.485
0.43763636363636366,0.32,0.52,0.44,0.47,0.66,1.0,0.79,0.45999999999999996,0.55,0.30000000000000004,0.32,0.485
0.41745454545454547,0.33,0.46,0.41,0.43,0.67,0.79,1.0,0.43777777777777777,0.51,0.30500000000000005,0.31,0.44499999999999995
0.46692929292929286,0.32888888888888884,0.47222222222222215,0.4488888888888889,0.4122222222222222,0.5077777777777778,0.45999999999999996,0.43777777777777777,0.6486419753086419,0.5455555555555555,0.46166666666666667,0.48999999999999994,0.5583333333333333
0.5076363636363636,0.42,0.61,0.59,0.55,0.64,0.55,0.51,0.5455555555555555,1.0,0.315,0.36,0.56
0.30854545454545446,0.225,0.3,0.255,0.27,0.335,0.30000000000000004,0.30500000000000005,0.4616666666666666,0.315,0.875,0.355,0.34750000000000003
0.3430909090909091,0.23,0.33,0.29,0.33,0.36,0.32,0.31,0.48999999999999994,0.36,0.355,1.0,0.4
0.46136363636363636,0.32999999999999996,0.455,0.46499999999999997,0.4,0.485,0.485,0.44499999999999995,0.5583333333333333,0.56,0.34750000000000003,0.4,0.8300000000000001
