1,2,3,4,5,6,7,8,9,10,11,12,13
27.27,2.815658892692789,3.6225304231526714,3.503758933868977,3.4327542391885077,4.6987241767195576,3.1564814271590445,5.941977972209442,3.6122302667465704,2.4541804470467645,3.7219369957053274,3.9439880408878865,3.5876735730368043
2.815658892692789,0.0,0.43,0.39,0.39,0.5311622476544559,0.39,0.5773502691896258,0.31819805153394637,0.22,0.3,0.36,0.28
3.6225304231526714,0.43,0.0,0.55,0.54,0.7447818472546173,0.53,0.8833459118601276,0.42426406871192845,0.31,0.45,0.5,0.43
3.503758933868977,0.39,0.55,0.0,0.52,0.7447818472546173,0.51,0.8544783984006462,0.3676955262170047,0.3,0.44,0.49,0.4
3.4327542391885077,0.39,0.54,0.52,0.0,0.7043673284113435,0.5,0.8948929172439202,0.417193000900063,0.27,0.44,0.45,0.41
4.698724176719558,0.5311622476544559,0.7447818472546173,0.7447818472546173,0.7043673284113435,1.266666666666667,0.7043673284113435,1.1000000000000003,0.6164549186004332,0.40414518843273806,0.5888972745734183,0.6293117934166922,0.5831237718815221
3.1564814271590445,0.39,0.53,0.51,0.5,0.7043673284113435,0.0,0.7851963660978911,0.38183766184073564,0.27,0.38,0.42,0.38
5.941977972209439,0.5773502691896258,0.8833459118601276,0.8544783984006462,0.8948929172439202,1.1000000000000003,0.7851963660978911,1.4733333333333338,0.7470943715488695,0.4676537180435969,0.7447818472546174,0.8371578903249575,0.7563288526384099
3.612230266746571,0.31819805153394637,0.42426406871192845,0.3676955262170047,0.417193000900063,0.6164549186004332,0.38183766184073564,0.7470943715488694,0.7499999999999999,0.2545584412271571,0.6646803743153546,0.6363961030678927,0.8131727983645296
2.4541804470467645,0.22,0.31,0.3,0.27,0.40414518843273806,0.27,0.4676537180435969,0.2545584412271571,0.0,0.33,0.37,0.3
3.7219369957053274,0.3,0.45,0.44,0.44,0.5888972745734183,0.38,0.7447818472546174,0.6646803743153546,0.33,0.0,0.65,0.61
3.9439880408878865,0.36,0.5,0.49,0.45,0.6293117934166922,0.42,0.8371578903249575,0.6363961030678927,0.37,0.65,0.0,0.6
3.587673573036804,0.28,0.43,0.4,0.41,0.5831237718815221,0.38,0.7563288526384099,0.8131727983645296,0.3,0.61,0.6,0.0
