1,2,3,4,5,6,7,8,9,10,11,12,13
0.47256172839506166,0.4791666666666667,0.4538888888888891,0.3144444444444444,0.3540555555555555,0.45061507936507933,0.46586419753086417,0.42388888888888887,0.48444444444444446,0.44250000000000006,0.42361111111111105,0.5058333333333332,0.4397222222222222
0.4791666666666667,1.0,0.57,0.35000000000000003,0.404,0.465,0.5344444444444443,0.55,0.49,0.51,0.43,0.47,0.5
0.4538888888888891,0.57,1.0,0.34,0.36200000000000004,0.4571428571428572,0.48666666666666664,0.51,0.47,0.49,0.42,0.49,0.45
0.31444444444444447,0.35000000000000003,0.34,0.7816000000000001,0.5504000000000001,0.32899999999999996,0.35111111111111115,0.264,0.35600000000000004,0.334,0.318,0.338,0.37
0.3540555555555556,0.404,0.36200000000000004,0.5504000000000001,0.6128,0.36542857142857144,0.39711111111111114,0.332,0.392,0.36200000000000004,0.35000000000000003,0.37000000000000005,0.41200000000000003
0.4506150793650793,0.465,0.4571428571428572,0.329,0.3654285714285714,0.5797959183673468,0.4673015873015873,0.3985714285714285,0.5707142857142857,0.4828571428571428,0.5214285714285714,0.572142857142857,0.4914285714285714
0.46586419753086417,0.5344444444444443,0.48666666666666664,0.35111111111111115,0.39711111111111114,0.4673015873015873,0.6224691358024691,0.4444444444444444,0.5122222222222221,0.5077777777777778,0.44555555555555554,0.5122222222222221,0.5155555555555555
0.42388888888888887,0.55,0.51,0.264,0.332,0.3985714285714285,0.4444444444444444,1.0,0.42,0.44,0.39,0.42,0.4
0.48444444444444446,0.49,0.47,0.35600000000000004,0.392,0.5707142857142857,0.5122222222222221,0.42,1.0,0.56,0.55,0.56,0.53
0.44250000000000006,0.51,0.49,0.334,0.36200000000000004,0.4828571428571428,0.5077777777777778,0.44,0.56,1.0,0.44,0.48,0.52
0.42361111111111105,0.43,0.42,0.318,0.35000000000000003,0.5214285714285714,0.44555555555555554,0.39,0.55,0.44,1.0,0.54,0.44
0.5058333333333332,0.47,0.49,0.338,0.37000000000000005,0.572142857142857,0.5122222222222221,0.42,0.56,0.48,0.54,1.0,0.5
0.4397222222222222,0.5,0.45,0.37,0.41200000000000003,0.4914285714285714,0.5155555555555555,0.4,0.53,0.52,0.44,0.5,1.0
