1,2,3,4,5,6,7,8,9,10,11,12,13
14.928124999999998,2.816052756075424,1.9993444238049634,2.085965004500315,2.3635044161160343,2.257438398938053,2.8956022689589123,2.676399166791083,11.908567443279496,7.560097401969944,3.7424999999999993,1.8508519997557886,3.47
2.816052756075424,0.0,0.53,0.58,0.65,0.64,0.53,0.48,2.072310962976533,1.3447405968168258,0.6788225099390855,0.35,0.5798275605729689
1.9993444238049634,0.53,0.0,0.52,0.54,0.57,0.35,0.37,1.4710849428537118,0.9105642606248463,0.3959797974644666,0.25,0.3676955262170047
2.085965004500315,0.58,0.52,0.0,0.58,0.58,0.38,0.33,1.5329131505968385,0.9799118698777318,0.4384062043356594,0.28,0.4101219330881975
2.3635044161160343,0.65,0.54,0.58,0.0,0.66,0.46,0.4,1.6736256233915414,1.1095617480461701,0.551543289325507,0.27,0.4454772721475249
2.257438398938053,0.64,0.57,0.58,0.66,0.0,0.41,0.37,1.5776853010315166,1.0130781177812858,0.4879036790187178,0.28,0.417193000900063
2.8956022689589123,0.53,0.35,0.38,0.46,0.41,0.0,0.56,2.065914941485864,1.4321788867443772,0.7636753236814712,0.4,0.6151828996322963
2.676399166791083,0.48,0.37,0.33,0.4,0.37,0.56,0.0,1.9976907122520695,1.2964987816843836,0.714177848998413,0.34,0.5656854249492379
11.908567443279495,2.072310962976533,1.4710849428537118,1.5329131505968385,1.6736256233915414,1.5776853010315166,2.065914941485864,1.9976907122520695,11.156363636363634,6.208397538817885,2.733200338597426,1.2898643339514428,3.5306978450056103
7.560097401969944,1.3447405968168258,0.9105642606248463,0.9799118698777318,1.1095617480461701,1.0130781177812858,1.4321788867443772,1.2964987816843836,6.208397538817888,5.183636363636364,1.820734117676913,0.9105642606248462,1.675757630555098
3.742499999999999,0.6788225099390855,0.3959797974644666,0.4384062043356594,0.551543289325507,0.4879036790187178,0.7636753236814712,0.714177848998413,2.7332003385974266,1.8207341176769127,0.7899999999999999,0.40305086527633205,0.8499999999999999
1.8508519997557886,0.35,0.25,0.28,0.27,0.28,0.4,0.34,1.2898643339514428,0.9105642606248462,0.40305086527633205,0.0,0.3676955262170047
3.469999999999999,0.5798275605729689,0.3676955262170047,0.4101219330881975,0.44547727214752486,0.41719300090006295,0.6151828996322963,0.565685424949238,3.5306978450056112,1.675757630555098,0.8499999999999999,0.3676955262170047,0.8099999999999999
