1,2,3,4,5,6,7,8,9,10,11,12,13
24.498888888888896,3.5109352979892234,2.822356514740173,4.486985363729304,6.468694162399911,3.991414860997612,2.9938207967349952,4.864176017922599,3.3553673144403744,6.959952938591426,3.4224815017220527,3.510935297989223,2.6631396814592656
3.5109352979892234,0.0,0.64,0.7101408311032398,0.99,0.5798275605729689,0.51,0.7636753236814712,0.4454772721475249,0.87,0.46,0.44,0.32
2.822356514740173,0.64,0.0,0.5484827557301446,0.7350000000000001,0.4596194077712559,0.4,0.565685424949238,0.3252691193458119,0.625,0.34,0.36,0.26
4.486985363729304,0.7101408311032398,0.5484827557301446,1.266666666666667,1.3048116083685546,0.7307644399303149,0.7043673284113435,1.0410331406828508,0.6164549186004332,1.1806813004927847,0.5715767664977296,0.536935750346352,0.4156921938165306
6.468694162399911,0.99,0.7350000000000001,1.3048116083685544,2.135,1.1136931803688124,0.9299999999999999,2.032931995911324,0.8591347391416552,1.845,0.9049999999999999,0.9099999999999999,0.655
3.9914148609976112,0.5798275605729689,0.4596194077712559,0.7307644399303149,1.1136931803688122,0.6899999999999998,0.5161879502661796,0.8149999999999998,0.3549999999999999,0.9439875528840409,0.49497474683058323,0.5232590180780451,0.37476659402887014
2.9938207967349952,0.51,0.4,0.7043673284113435,0.9299999999999999,0.5161879502661796,0.0,0.6929646455628166,0.38183766184073564,0.7750000000000001,0.42,0.41,0.33
4.864176017922598,0.7636753236814712,0.565685424949238,1.0410331406828508,2.032931995911324,0.815,0.6929646455628166,0.7699999999999999,0.6749999999999998,1.414213562373095,0.700035713374682,0.6788225099390855,0.4879036790187178
3.3553673144403744,0.4454772721475249,0.3252691193458119,0.6164549186004332,0.8591347391416551,0.3549999999999999,0.38183766184073564,0.6749999999999999,0.7499999999999999,1.5238151134570097,0.43133513652379396,0.5868986283848344,0.5020458146424487
6.959952938591426,0.87,0.625,1.180681300492785,1.8449999999999998,0.9439875528840408,0.7750000000000001,1.414213562373095,1.5238151134570097,2.075,0.905,1.13,0.8899999999999999
3.4224815017220527,0.46,0.34,0.5715767664977296,0.9049999999999999,0.49497474683058323,0.42,0.700035713374682,0.43133513652379396,0.905,0.0,0.47,0.34
3.510935297989223,0.44,0.36,0.536935750346352,0.9099999999999999,0.5232590180780451,0.41,0.6788225099390855,0.5868986283848344,1.13,0.47,0.0,0.76
2.663139681459266,0.32,0.26,0.41569219381653066,0.655,0.37476659402887014,0.33,0.4879036790187178,0.5020458146424487,0.89,0.34,0.76,0.0
