1,2,3,4,5,6,7,8,9,10,11,12,13
21.62977777777778,2.571478174124759,2.5834038700047577,2.5207939666347627,3.1826700879747003,2.34488995240478,3.0073260548201284,12.396129461284078,4.242207758545857,2.3329642565247806,3.3551765974386503,3.881814008939635,2.578931734049757
2.571478174124759,0.0,0.58,0.52,0.39,0.27,0.31112698372208086,1.2757373876911118,0.5311622476544559,0.23,0.31819805153394637,0.4,0.23
2.5834038700047577,0.58,0.0,0.51,0.39,0.27,0.35355339059327373,1.343647362701285,0.4965212315030782,0.25,0.2969848480983499,0.37,0.23
2.5207939666347627,0.52,0.51,0.0,0.37,0.29,0.35355339059327373,1.292714881443655,0.5600297611139371,0.25,0.31112698372208086,0.35,0.25
3.1826700879747003,0.39,0.39,0.37,0.0,0.35,0.4454772721475249,1.8311439690243145,0.7447818472546173,0.32,0.3676955262170047,0.52,0.35
2.34488995240478,0.27,0.27,0.29,0.35,0.0,1.0253048327204939,1.9111807252863042,0.513841739578767,0.35,0.3040559159102154,0.41,0.24
3.007326054820129,0.31112698372208086,0.35355339059327373,0.35355339059327373,0.4454772721475249,1.0253048327204939,0.6399999999999999,2.522744187446305,0.6531972647421808,0.5303300858899106,0.3849999999999999,0.5091168824543142,0.31112698372208086
12.396129461284078,1.2757373876911118,1.343647362701285,1.292714881443655,1.8311439690243145,1.9111807252863042,2.5227441874463055,8.390588235294118,2.468693788141382,1.6346901127448845,1.8298899034705693,2.2313277503342634,1.481892668971995
4.242207758545856,0.5311622476544559,0.4965212315030782,0.5600297611139371,0.7447818472546173,0.513841739578767,0.6531972647421809,2.4686937881413815,1.266666666666667,0.4792007234273895,0.6164549186004332,0.6350852961085884,0.4156921938165306
2.3329642565247806,0.23,0.25,0.25,0.32,0.35,0.5303300858899106,1.6346901127448845,0.4792007234273895,0.0,0.2192031021678297,0.39,0.24
3.3551765974386507,0.31819805153394637,0.2969848480983499,0.31112698372208086,0.3676955262170047,0.3040559159102154,0.3849999999999999,1.8298899034705691,0.6164549186004332,0.2192031021678297,0.7499999999999999,0.6363961030678927,0.5020458146424487
3.881814008939635,0.4,0.37,0.35,0.52,0.41,0.5091168824543142,2.2313277503342634,0.6350852961085884,0.39,0.6363961030678927,0.0,0.5
2.5789317340497577,0.23,0.23,0.25,0.35,0.24,0.3111269837220809,1.4818926689719947,0.41569219381653066,0.24,0.5020458146424487,0.5,0.0
