1,2,3,4,5,6,7,8,9,10,11,12,13
18.700487804878048,3.243729034426349,2.317618626426914,2.4800393387910638,4.177435417414213,3.5581037701315545,3.132845663485437,12.279576586972668,2.22391436929375,4.179833261932941,1.8959494693276773,2.736164308288377,5.0340215703482745
3.243729034426349,0.0,0.53,0.59,0.5888972745734183,0.5798275605729689,0.5,1.888091489754723,0.3,0.6434671708797581,0.31,0.44,0.7101408311032398
2.317618626426914,0.53,0.0,0.53,0.3925981830489456,0.41012193308819755,0.33,1.3099638404009077,0.18,0.4525483399593904,0.23,0.33,0.49652123150307825
2.4800393387910638,0.59,0.53,0.0,0.4041451884327381,0.3959797974644666,0.32,1.3696119312072537,0.23,0.4808326112068523,0.22,0.34,0.5311622476544557
4.177435417414216,0.5888972745734183,0.3925981830489456,0.4041451884327381,1.3533333333333337,0.9144761706390532,0.6812733176437585,2.3709129191464284,0.536935750346352,0.8164965809277261,0.38105117766515306,0.5253887449625595,1.0200000000000002
3.5581037701315554,0.5798275605729689,0.41012193308819755,0.3959797974644666,0.9144761706390532,0.6899999999999998,0.6222539674441617,2.0634564767832995,0.417193000900063,0.7299999999999999,0.3464823227814083,0.5232590180780451,0.938971068066885
3.132845663485437,0.5,0.33,0.32,0.6812733176437585,0.6222539674441617,0.0,2.0234467727383545,0.37,0.6576093065034891,0.3,0.42,0.9410809387790902
12.27957658697267,1.888091489754723,1.3099638404009077,1.3696119312072537,2.3709129191464284,2.063456476783299,2.0234467727383545,9.892631578947364,1.5554386756424086,3.036785003567874,1.5233204729005299,2.09915396491564,3.7709436205641795
2.22391436929375,0.3,0.18,0.23,0.536935750346352,0.417193000900063,0.37,1.5554386756424086,0.0,0.5727564927611034,0.22,0.32,0.8891194145520238
4.179833261932942,0.6434671708797581,0.4525483399593904,0.4808326112068523,0.816496580927726,0.7299999999999999,0.6576093065034891,3.036785003567874,0.5727564927611034,0.6499999999999999,0.5727564927611034,0.8414570696119914,1.204332456868396
1.8959494693276773,0.31,0.23,0.22,0.38105117766515306,0.3464823227814083,0.3,1.5233204729005299,0.22,0.5727564927611034,0.0,0.35,0.5080682368868707
2.736164308288377,0.44,0.33,0.34,0.5253887449625595,0.5232590180780451,0.42,2.09915396491564,0.32,0.8414570696119914,0.35,0.0,0.8082903768654761
5.034021570348275,0.7101408311032398,0.49652123150307825,0.5311622476544557,1.0200000000000005,0.938971068066885,0.9410809387790902,3.77094362056418,0.8891194145520238,1.204332456868396,0.5080682368868707,0.8082903768654761,1.3933333333333335
