1,2,3,4,5,6,7,8,9,10,11,12,13
3.8057142857142847,1.5761118524484776,1.432485352704971,1.6781622601609687,7.635534222118507,1.1868084452489733,1.1905880899790657,0.7975050380494695,1.1527916426781428,1.0431819455054672,1.001605853474452,0.5971838673545791,2.447566721693784
1.5761118524484776,0.0,0.5,0.62,2.4352099032172303,0.4,0.34,0.25,0.38,0.28,0.31,0.2,0.7915680640349255
1.432485352704971,0.5,0.0,0.57,2.274750335950979,0.35,0.32,0.26,0.33,0.28,0.26,0.16,0.7826237921249264
1.6781622601609687,0.62,0.57,0.0,2.5012814897386275,0.39,0.4,0.28,0.4,0.35,0.31,0.2,0.8094566078549238
7.635534222118506,2.4352099032172303,2.274750335950979,2.5012814897386275,24.98945454545456,3.3561669153420195,3.588091668029374,2.6873606517784827,3.017718584385471,3.2253721420241503,3.4869616886598873,2.1857559541058307,8.228244593527169
1.1868084452489733,0.4,0.35,0.39,3.3561669153420195,0.0,0.51,0.32,0.51,0.46,0.49,0.22,1.050951949424901
1.1905880899790657,0.34,0.32,0.4,3.588091668029374,0.51,0.0,0.41,0.5,0.67,0.51,0.25,1.0598962213349004
0.7975050380494695,0.25,0.26,0.28,2.6873606517784827,0.32,0.41,0.0,0.32,0.32,0.36,0.12,0.7289581606649315
1.1527916426781428,0.38,0.33,0.4,3.017718584385471,0.51,0.5,0.32,0.0,0.43,0.44,0.23,0.8854829190899167
1.0431819455054672,0.28,0.28,0.35,3.2253721420241503,0.46,0.67,0.32,0.43,0.0,0.42,0.27,0.9615092303249095
1.001605853474452,0.31,0.26,0.31,3.4869616886598873,0.49,0.51,0.36,0.44,0.42,0.0,0.29,1.0196469977399039
0.5971838673545791,0.2,0.16,0.2,2.1857559541058307,0.22,0.25,0.12,0.23,0.27,0.29,0.0,0.9525649584149103
2.447566721693784,0.7915680640349255,0.7826237921249264,0.8094566078549239,8.22824459352717,1.050951949424901,1.0598962213349004,0.7289581606649315,0.8854829190899166,0.9615092303249094,1.0196469977399039,0.9525649584149103,2.8200000000000003
