1,2,3,4,5,6,7,8,9,10,11,12,13
19.244651162790692,2.432352196805044,2.409477411255154,2.659575066600626,3.065221263685353,10.67833114111481,2.98134705000242,1.9611316144772966,5.453512913780913,2.35305294023209,4.479373398870831,2.772424008646753,7.542175400203966
2.432352196805044,0.0,0.59,0.64,0.43,1.205,0.4,0.24,0.6177647880328997,0.3,0.5091168824543142,0.3,0.8139287438099234
2.409477411255154,0.59,0.0,0.62,0.42,1.2325,0.39,0.26,0.6639528095680697,0.28,0.4879036790187178,0.3,0.8139287438099235
2.659575066600626,0.64,0.62,0.0,0.43,1.345,0.39,0.29,0.7274613391789285,0.32,0.5303300858899106,0.34,0.8988993269549155
3.065221263685353,0.43,0.42,0.43,0.0,1.7175000000000002,0.55,0.34,0.9699484522385714,0.43,0.6929646455628166,0.46,1.1314503966148937
10.67833114111481,1.205,1.2325,1.345,1.7175000000000002,7.311250000000001,1.6450000000000002,1.785,3.074390183434758,1.2475,2.4430539289995212,1.5775,3.9064107566921322
2.98134705000242,0.4,0.39,0.39,0.55,1.6450000000000002,0.0,0.29,0.9295339333952977,0.44,0.6788225099390855,0.44,1.0867290370648979
1.9611316144772966,0.24,0.26,0.29,0.34,1.785,0.29,0.0,0.5658032638058333,0.24,0.41012193308819755,0.3,0.7781516561699268
5.453512913780914,0.6177647880328997,0.6639528095680697,0.7274613391789285,0.9699484522385714,3.0743901834347573,0.9295339333952977,0.5658032638058333,1.466666666666667,0.7447818472546174,1.1757550765359257,0.7505553499465136,1.9235817286163506
2.35305294023209,0.3,0.28,0.32,0.43,1.2475,0.44,0.24,0.7447818472546174,0.0,0.4666904755831213,0.33,0.8005123359449248
4.4793733988708295,0.5091168824543142,0.4879036790187178,0.5303300858899106,0.6929646455628166,2.4430539289995212,0.6788225099390855,0.41012193308819755,1.1757550765359255,0.4666904755831213,0.7099999999999999,0.7990306627407986,1.7645509343739556
2.772424008646753,0.3,0.3,0.34,0.46,1.5775,0.44,0.3,0.7505553499465136,0.33,0.7990306627407986,0.0,1.0107027258299048
7.542175400203967,0.8139287438099234,0.8139287438099234,0.8988993269549155,1.1314503966148937,3.9064107566921322,1.0867290370648977,0.7781516561699269,1.9235817286163508,0.8005123359449247,1.7645509343739554,1.0107027258299048,2.9079999999999995
