1,2,3,4,5,6,7,8,9,10,11,12,13
4.9177777777777765,5.976858286710826,1.2399999999999998,1.80525221383483,0.7966666666666666,1.7108812976985914,2.3233333333333333,1.1733333333333333,5.047171625191816,1.0633333333333332,0.7833333333333334,1.0899999999999999,0.8966666666666666
5.976858286710826,13.333333333333336,2.5210961754613668,4.426389633232166,1.8051818416662295,3.417777777777778,5.216359682128269,2.673131746347967,11.244818005931974,2.3209480821422965,1.8263513515365157,2.8386388235156605,2.2208740354827614
1.2399999999999998,2.5210961754613668,0.0,0.7513188404399294,0.29,0.7447818472546173,1.0350000000000001,0.47,2.089367020284982,0.42,0.35,0.47,0.37
1.8052522138348301,4.426389633232167,0.7513188404399294,2.816,1.4534441853748634,1.0353775478861162,1.4489720494198635,0.787095928079926,3.3209101983423968,0.6976532089799343,0.5142956348249517,0.8318172876299218,0.6574039853849382
0.7966666666666666,1.8051818416662295,0.29,1.4534441853748634,0.0,0.46188021535170065,0.605,0.33,1.3922006778021359,0.27,0.2,0.34,0.27
1.7108812976985912,3.417777777777779,0.7447818472546173,1.0353775478861162,0.46188021535170065,1.266666666666667,1.3683201379794134,0.6293117934166922,2.751094823388087,0.5369357503463521,0.4156921938165306,0.6177647880328997,0.5542562584220408
2.3233333333333333,5.216359682128269,1.0350000000000001,1.4489720494198637,0.605,1.3683201379794132,2.2399999999999998,0.9049999999999999,4.248024273385538,0.87,0.67,0.97,0.8899999999999999
1.1733333333333333,2.673131746347967,0.47,0.787095928079926,0.33,0.6293117934166922,0.9049999999999999,0.0,2.6372928613189,0.55,0.45,0.61,0.51
5.047171625191816,11.244818005931975,2.089367020284982,3.3209101983423968,1.3922006778021359,2.7510948233880863,4.2480242733855365,2.6372928613189,12.042727272727268,2.3686599587108312,2.140535192210328,2.4965803885241975,2.5648046177579924
1.0633333333333332,2.3209480821422965,0.42,0.6976532089799343,0.27,0.5369357503463521,0.87,0.55,2.3686599587108312,0.0,0.37,0.48,0.43
0.7833333333333334,1.8263513515365157,0.35,0.5142956348249517,0.2,0.4156921938165306,0.67,0.45,2.140535192210328,0.37,0.0,0.43,0.43
1.0899999999999999,2.8386388235156605,0.47,0.8318172876299218,0.34,0.6177647880328997,0.97,0.61,2.4965803885241975,0.48,0.43,0.0,0.54
0.8966666666666666,2.22087403548276,0.37,0.6574039853849382,0.27,0.5542562584220408,0.8899999999999999,0.51,2.5648046177579933,0.43,0.43,0.54,0.0
