1,2,3,4,5,6,7,8,9,10,11,12,13
25.78727272727272,2.828942622895764,6.802855104715783,3.4060577051643,4.141614382939304,3.852942323141438,3.5840464688545954,3.2604305348722393,3.596182066378933,3.580252022617198,5.485270275929894,3.50583928480886,3.3399861186429014
2.828942622895764,0.0,0.7348469228349536,0.39,0.4272391992003231,0.4101219330881975,0.37,0.32,0.37,0.2969848480983499,0.5020458146424487,0.31,0.26
6.802855104715783,0.7348469228349536,3.073333333333334,0.8818163074019442,2.703504926736567,1.1142860195359778,1.0287856919689349,0.8491564441648353,0.9144761706390532,0.7274613391789285,1.2903778516388136,1.0002083116364646,0.8164965809277263
3.4060577051643,0.39,0.8818163074019442,0.0,0.5542562584220408,0.5727564927611034,0.49,0.5,0.52,0.417193000900063,0.6646803743153546,0.46,0.39
4.141614382939304,0.4272391992003231,2.703504926736567,0.5542562584220408,1.366666666666667,0.6817746450746512,0.6639528095680697,0.5196152422706632,0.5427092530382484,0.46132056822416523,0.7920016834998943,0.6350852961085884,0.5022947341949745
3.852942323141439,0.4101219330881975,1.1142860195359776,0.5727564927611034,0.6817746450746512,0.7199999999999999,0.5798275605729689,0.47376154339498683,0.551543289325507,0.5099999999999999,0.7399999999999999,0.5161879502661796,0.4525483399593904
3.5840464688545954,0.37,1.0287856919689349,0.49,0.6639528095680697,0.5798275605729689,0.0,0.52,0.57,0.48790367901871773,0.7212489168102784,0.54,0.47
3.2604305348722393,0.32,0.8491564441648353,0.5,0.5196152422706632,0.47376154339498683,0.52,0.0,0.77,0.43133513652379396,0.6222539674441617,0.47,0.41
3.596182066378933,0.37,0.9144761706390532,0.52,0.5427092530382484,0.551543289325507,0.57,0.77,0.0,0.4808326112068523,0.7071067811865475,0.48,0.47
3.5802520226171994,0.2969848480983499,0.7274613391789285,0.417193000900063,0.46132056822416523,0.5099999999999999,0.48790367901871773,0.43133513652379396,0.4808326112068523,0.7499999999999999,1.0149999999999997,0.4454772721475249,0.7707463914933367
5.485270275929892,0.5020458146424487,1.2903778516388136,0.6646803743153546,0.7920016834998943,0.7399999999999999,0.7212489168102784,0.6222539674441617,0.7071067811865475,1.015,0.7499999999999999,0.700035713374682,0.8555992052357224
3.50583928480886,0.31,1.0002083116364646,0.46,0.6350852961085884,0.5161879502661796,0.54,0.47,0.48,0.4454772721475249,0.700035713374682,0.0,0.44
3.3399861186429005,0.26,0.8164965809277263,0.39,0.5022947341949745,0.45254833995939037,0.47,0.41,0.47,0.7707463914933368,0.8555992052357224,0.44,0.0
