1,2,3,4,5,6,7,8,9,10,11,12,13
3.240000000000001,4.616364166304695,1.359466807244664,1.4778588114791842,1.0859404526338758,4.814379557204992,0.9593834825900782,0.6368673331236264,1.8167048925641907,0.5143928459844676,1.016538243255019,0.6409498160282651,1.6452406105693678
4.616364166304694,10.63391304347826,1.6097312765206173,1.7452656456577154,2.3916603292346474,12.002881045679787,2.2853179780655397,1.499218637070368,4.619636843434492,1.2594270609047318,2.4542146534517704,1.6785410331594521,4.692616888354467
1.359466807244664,1.6097312765206173,0.0,0.5,0.38,1.7306438469540748,0.37,0.21,0.6000000000000001,0.16,0.38,0.23,0.585
1.4778588114791842,1.7452656456577154,0.5,0.0,0.42,1.8031222920256968,0.39,0.26,0.695,0.18,0.37,0.23,0.6599999999999999
1.0859404526338758,2.3916603292346474,0.38,0.42,0.0,2.5632620818012346,0.54,0.33,1.0350000000000001,0.25,0.51,0.33,0.88
4.814379557204993,12.002881045679787,1.7306438469540748,1.8031222920256968,2.5632620818012346,15.2625,2.416537424705026,2.2450640302672884,4.913508245770022,1.8579230675676535,3.265065562128883,2.230921894643557,5.407599109124122
0.9593834825900782,2.2853179780655397,0.37,0.39,0.54,2.416537424705026,0.0,0.31,1.03,0.25,0.5,0.29,0.89
0.6368673331236264,1.499218637070368,0.21,0.26,0.33,2.2450640302672884,0.31,0.0,0.625,0.14,0.34,0.24,0.66
1.8167048925641907,4.619636843434492,0.6000000000000001,0.695,1.0350000000000001,4.913508245770022,1.03,0.625,2.135,0.515,0.965,0.655,1.8775
0.5143928459844676,1.2594270609047318,0.16,0.18,0.25,1.8579230675676535,0.25,0.14,0.515,0.0,0.5,0.31,0.615
1.016538243255019,2.4542146534517704,0.38,0.37,0.51,3.265065562128883,0.5,0.34,0.965,0.5,0.0,0.54,1.1099999999999999
0.6409498160282651,1.6785410331594521,0.23,0.23,0.33,2.230921894643557,0.29,0.24,0.655,0.31,0.54,0.0,0.8
1.645240610569368,4.692616888354468,0.5850000000000001,0.6599999999999999,0.88,5.4075991091241224,0.89,0.6599999999999999,1.8775,0.615,1.1099999999999999,0.8,2.14
