1,2,3,4,5,6,7,8,9,10,11,12,13
29.34937500000001,2.93625,3.6312500000000023,2.9812500000000006,4.1303874856059215,3.3375,2.8937500000000007,2.2825,3.0149999999999992,2.5325,4.348750000000001,2.9475,3.7274999999999996
2.93625,0.0,0.39,0.21,0.4596194077712559,0.39,0.23,0.2,0.25,0.22,0.4,0.23,0.28
3.6312500000000023,0.39,0.0,0.33,0.5727564927611034,0.5,0.33,0.25,0.34,0.27,0.5,0.29,0.41
2.9812500000000006,0.21,0.33,0.0,0.3959797974644666,0.25,0.3,0.16,0.24,0.22,0.4,0.24,0.3
4.130387485605919,0.4596194077712559,0.5727564927611034,0.3959797974644666,0.7199999999999999,0.5727564927611034,0.3606244584051392,0.31112698372208086,0.4101219330881975,0.33234018715767727,0.551543289325507,0.3323401871576773,0.4666904755831214
3.3375,0.39,0.5,0.25,0.5727564927611034,0.0,0.33,0.23,0.31,0.27,0.45,0.33,0.38
2.8937500000000007,0.23,0.33,0.3,0.3606244584051392,0.33,0.0,0.2,0.26,0.22,0.36,0.3,0.32
2.2825,0.2,0.25,0.16,0.31112698372208086,0.23,0.2,0.0,0.75,0.15,0.41,0.31,0.5
3.0149999999999992,0.25,0.34,0.24,0.4101219330881975,0.31,0.26,0.75,0.0,0.21,0.49,0.4,0.65
2.5325,0.22,0.27,0.22,0.33234018715767727,0.27,0.22,0.15,0.21,0.0,0.39,0.27,0.3
4.348750000000001,0.4,0.5,0.4,0.551543289325507,0.45,0.36,0.41,0.49,0.39,0.0,0.45,0.6
2.9475,0.23,0.29,0.24,0.3323401871576773,0.33,0.3,0.31,0.4,0.27,0.45,0.0,0.45
3.7275,0.28,0.41,0.3,0.4666904755831214,0.38,0.32,0.5,0.65,0.3,0.6,0.45,0.0
