1,2,3,4,5,6,7,8,9,10,11,12,13
15.577297297297298,2.4100891538965383,2.720803239903663,2.1454067843349125,2.2621300653217165,2.895066166447342,7.594685216883155,10.929990486823037,2.186506531161252,2.4035131944043235,4.7988064394433785,2.2522661260833945,2.457764860215091
2.4100891538965383,0.0,0.39,0.26,0.24,0.4,0.9633333333333333,1.4212846301849607,0.25,0.31,0.625,0.26,0.31
2.720803239903663,0.39,0.0,0.29,0.33,0.54,1.3133333333333332,1.935115557847185,0.36,0.42,0.805,0.39,0.44
2.1454067843349125,0.26,0.29,0.0,0.64,0.33,0.9099999999999999,1.3222896808188442,0.37,0.27,0.575,0.27,0.29
2.2621300653217165,0.24,0.33,0.64,0.0,0.34,1.0433333333333334,1.4283556979968262,0.38,0.32,0.625,0.3,0.31
2.895066166447342,0.4,0.54,0.33,0.34,0.0,1.7933333333333334,2.2792408580246386,0.41,0.51,0.975,0.46,0.53
7.594685216883156,0.9633333333333333,1.3133333333333332,0.9099999999999999,1.0433333333333334,1.7933333333333334,4.662222222222222,6.468455699454272,1.0599999999999998,1.4033333333333333,2.92,1.3566666666666665,1.4533333333333331
10.929990486823037,1.4212846301849607,1.935115557847185,1.3222896808188442,1.4283556979968262,2.2792408580246386,6.468455699454273,9.964444444444448,1.3859292911256336,2.1731748408466567,4.8637161432614695,2.3947349656184413,2.5149431184201543
2.186506531161252,0.25,0.36,0.37,0.38,0.41,1.0599999999999998,1.3859292911256336,0.0,0.35,0.63,0.26,0.31
2.4035131944043235,0.31,0.42,0.27,0.32,0.51,1.4033333333333333,2.1731748408466567,0.35,0.0,0.9850000000000001,0.43,0.48
4.79880643944338,0.625,0.805,0.575,0.625,0.975,2.9199999999999995,4.8637161432614695,0.63,0.9850000000000001,1.9949999999999999,1.0850000000000002,1.18
2.2522661260833945,0.26,0.39,0.27,0.3,0.46,1.3566666666666665,2.3947349656184413,0.26,0.43,1.0850000000000002,0.0,0.55
2.4577648602150917,0.31,0.44,0.29,0.31,0.53,1.4533333333333331,2.5149431184201543,0.31,0.48,1.18,0.55,0.0
