1,2,3,4,5,6,7,8,9,10,11,12,13
0.46558941212680816,0.33175438596491225,0.34964912280701776,0.3743859649122808,0.4533333333333332,0.5126315789473685,0.35631578947368414,0.36052631578947364,0.41122807017543855,0.343859649122807,0.3712280701754387,0.4966917293233082,0.3571929824561404
0.33175438596491225,1.0,0.52,0.57,0.35,0.38,0.29000000000000004,0.26,0.33,0.27,0.28500000000000003,0.35285714285714287,0.23
0.34964912280701776,0.52,1.0,0.58,0.37,0.4,0.325,0.25,0.34,0.32,0.29500000000000004,0.35571428571428565,0.25
0.3743859649122808,0.57,0.58,1.0,0.39,0.41,0.335,0.28,0.4,0.28,0.29500000000000004,0.36428571428571427,0.26
0.4533333333333332,0.35,0.37,0.39,1.0,0.53,0.425,0.32,0.51,0.44,0.375,0.47571428571428565,0.35
0.5126315789473685,0.38,0.4,0.41,0.53,1.0,0.45,0.41,0.52,0.4,0.41500000000000004,0.5314285714285714,0.41
0.3563157894736841,0.29000000000000004,0.325,0.335,0.425,0.45,0.86,0.28,0.405,0.5900000000000001,0.27749999999999997,0.3621428571428571,0.23500000000000001
0.36052631578947364,0.26,0.25,0.28,0.32,0.41,0.28,1.0,0.32,0.27,0.27,0.32999999999999996,0.24
0.41122807017543855,0.33,0.34,0.4,0.51,0.52,0.405,0.32,1.0,0.41,0.325,0.4128571428571428,0.33
0.343859649122807,0.27,0.32,0.28,0.44,0.4,0.5900000000000001,0.27,0.41,1.0,0.275,0.36142857142857143,0.25
0.3712280701754386,0.28500000000000003,0.29500000000000004,0.29500000000000004,0.375,0.41500000000000004,0.27749999999999997,0.27,0.325,0.275,0.855,0.4407142857142857,0.32
0.49669172932330824,0.35285714285714287,0.35571428571428565,0.36428571428571427,0.47571428571428565,0.5314285714285714,0.3621428571428571,0.32999999999999996,0.4128571428571428,0.36142857142857143,0.4407142857142857,0.7783673469387755,0.5042857142857142
0.3571929824561403,0.23,0.25,0.26,0.35,0.41,0.23500000000000001,0.24,0.33,0.25,0.32,0.5042857142857142,1.0
