1,2,3,4,5,6,7,8,9,10,11,12,13
17.79384615384615,5.001602884101896,2.874300360801313,4.91205546476105,3.2698169006998787,12.114986839669125,3.0152131361497903,2.9703772530843664,4.067139106647387,2.6164940331751234,2.3586877055489333,1.860689147215113,2.927142651556992
5.001602884101897,1.655,0.815,2.629118990587278,0.92,3.2456201256462536,0.9349999999999999,0.845,1.103086578651014,0.745,0.7,0.51,0.7849999999999999
2.874300360801313,0.815,0.0,0.7552593373581465,0.54,1.8809040379562163,0.49,0.54,0.7212489168102785,0.41,0.36,0.27,0.43
4.91205546476105,2.629118990587278,0.7552593373581465,3.430000000000001,0.8409914783555579,3.2629912713700358,0.9022287219251375,0.8001666493091716,1.0680979980008076,0.7348469228349536,0.7144345083117604,0.5184753288891061,0.7430118886442307
3.2698169006998787,0.92,0.54,0.8409914783555579,0.0,2.1920310216782974,0.55,0.48,0.6929646455628166,0.64,0.4,0.34,0.58
12.114986839669127,3.245620125646254,1.8809040379562163,3.262991271370036,2.1920310216782974,9.657777777777781,2.00582623596584,1.9186163996194994,2.6783333333333337,1.930401512639275,1.9256874674313644,1.529707669966898,2.0293964620053915
3.0152131361497903,0.9349999999999999,0.49,0.9022287219251375,0.55,2.00582623596584,0.0,0.53,0.7707463914933367,0.42,0.38,0.3,0.56
2.9703772530843664,0.845,0.54,0.8001666493091716,0.48,1.9186163996194994,0.53,0.0,1.0465180361560902,0.42,0.38,0.27,0.45
4.067139106647388,1.1030865786510138,0.7212489168102785,1.0680979980008076,0.6929646455628166,2.6783333333333337,0.7707463914933367,1.0465180361560902,0.7699999999999999,0.5586143571373725,0.48790367901871773,0.3889087296526011,0.6010407640085653
2.6164940331751234,0.745,0.41,0.7348469228349536,0.64,1.930401512639275,0.42,0.42,0.5586143571373725,0.0,0.4,0.33,0.42
2.3586877055489333,0.7,0.36,0.7144345083117604,0.4,1.9256874674313644,0.38,0.38,0.48790367901871773,0.4,0.0,0.49,0.38
1.860689147215113,0.51,0.27,0.5184753288891061,0.34,1.529707669966898,0.3,0.27,0.3889087296526011,0.33,0.49,0.0,0.3
2.927142651556993,0.7849999999999999,0.43,0.7430118886442307,0.58,2.0293964620053915,0.56,0.45,0.6010407640085653,0.42,0.38,0.3,0.0
