1,2,3,4,5,6,7,8,9,10,11,12,13
25.53859649122807,2.5046906872099974,2.639792987630631,2.826552049976803,3.4225916106560734,3.8702835473440578,3.8044115666448413,2.721913993768666,3.104703844960463,2.5960834198474854,3.963631154613728,9.921409522708615,2.696747878984429
2.5046906872099974,0.0,0.52,0.57,0.35,0.38,0.41012193308819755,0.26,0.33,0.27,0.4030508652763321,0.9335722483327913,0.23
2.639792987630631,0.52,0.0,0.58,0.37,0.4,0.4596194077712559,0.25,0.34,0.32,0.41719300090006306,0.9411315377929756,0.25
2.826552049976803,0.57,0.58,0.0,0.39,0.41,0.47376154339498683,0.28,0.4,0.28,0.41719300090006306,0.9638094061735294,0.26
3.4225916106560734,0.35,0.37,0.39,0.0,0.53,0.6010407640085653,0.32,0.51,0.44,0.5303300858899106,1.2586216951207265,0.35
3.8702835473440578,0.38,0.4,0.41,0.53,0.0,0.6363961030678927,0.41,0.52,0.4,0.5868986283848344,1.406027839594325,0.41
3.8044115666448417,0.41012193308819755,0.4596194077712559,0.47376154339498683,0.6010407640085653,0.6363961030678927,0.7199999999999999,0.39597979746446654,0.5727564927611034,0.8343860018001261,0.5549999999999999,1.3550144964959916,0.3323401871576773
2.721913993768666,0.26,0.25,0.28,0.32,0.41,0.39597979746446654,0.0,0.32,0.27,0.38183766184073564,0.8730979326513146,0.24
3.104703844960463,0.33,0.34,0.4,0.51,0.52,0.5727564927611034,0.32,0.0,0.41,0.4596194077712559,1.0923173269966666,0.33
2.5960834198474854,0.27,0.32,0.28,0.44,0.4,0.8343860018001261,0.27,0.41,0.0,0.3889087296526011,0.9562501167133448,0.25
3.963631154613729,0.4030508652763321,0.41719300090006306,0.41719300090006306,0.5303300858899106,0.5868986283848344,0.5549999999999999,0.38183766184073564,0.4596194077712559,0.3889087296526011,0.7099999999999999,1.649001862599658,0.45254833995939037
9.921409522708618,0.9335722483327913,0.9411315377929756,0.9638094061735294,1.2586216951207265,1.406027839594325,1.3550144964959914,0.8730979326513146,1.0923173269966666,0.9562501167133448,1.649001862599658,4.448571428571428,1.334214589722572
2.69674787898443,0.23,0.25,0.26,0.35,0.41,0.3323401871576773,0.24,0.33,0.25,0.45254833995939037,1.334214589722572,0.0
