1,2,3,4,5,6,7,8,9,10,11,12,13
4.359999999999999,1.6758430714121173,1.6581654018824539,7.326131329364904,1.7139544918112615,1.5324999999999998,1.3674999999999997,2.1319269452774408,1.1490485194281397,0.9050966799187808,0.7212489168102785,1.0182337649086284,0.9475230867899737
1.6758430714121173,0.0,0.54,3.5328571428571425,0.7826237921249264,0.7778174593052022,0.6363961030678927,1.1199999999999999,0.56,0.45,0.35,0.46,0.48
1.6581654018824539,0.54,0.0,2.367142857142857,0.5769055381949457,0.5020458146424487,0.4101219330881975,0.7,0.35,0.28,0.21,0.31,0.32
7.326131329364907,3.5328571428571425,2.367142857142857,23.94448979591837,5.595280956269473,5.018437841335382,3.5638181771801998,6.575714285714286,2.9157142857142855,2.4585714285714277,2.315714285714285,3.3085714285714287,3.535714285714286
1.7139544918112615,0.7826237921249264,0.5769055381949457,5.595280956269473,2.8279999999999994,1.0656875714767438,0.8917623001674828,1.4288474376223657,0.5858498101049449,0.5590169943749473,0.47404641122995544,0.6931810730249348,0.7736795202149273
1.5324999999999998,0.7778174593052022,0.5020458146424487,5.018437841335381,1.0656875714767438,0.6599999999999999,0.8149999999999998,1.3647160876900368,0.6788225099390855,0.5303300858899106,0.4454772721475249,0.6717514421272202,0.8626702730475879
1.3675,0.6363961030678927,0.4101219330881975,3.5638181771801976,0.8917623001674828,0.8149999999999998,0.7199999999999999,1.0606601717798212,0.5727564927611034,0.8343860018001261,0.33234018715767727,0.4454772721475249,0.49497474683058323
2.1319269452774408,1.1199999999999999,0.7,6.575714285714286,1.4288474376223657,1.3647160876900366,1.0606601717798212,2.17,0.9349999999999999,0.775,0.565,0.83,0.8949999999999999
1.1490485194281397,0.56,0.35,2.9157142857142855,0.5858498101049449,0.6788225099390855,0.5727564927611034,0.9349999999999999,0.0,0.41,0.27,0.39,0.36
0.9050966799187808,0.45,0.28,2.4585714285714277,0.5590169943749473,0.5303300858899106,0.8343860018001261,0.775,0.41,0.0,0.23,0.3,0.33
0.7212489168102785,0.35,0.21,2.315714285714285,0.47404641122995544,0.4454772721475249,0.33234018715767727,0.565,0.27,0.23,0.0,0.35,0.3
1.0182337649086284,0.46,0.31,3.3085714285714287,0.6931810730249348,0.6717514421272202,0.4454772721475249,0.83,0.39,0.3,0.35,0.0,0.47
0.9475230867899735,0.48,0.32,3.5357142857142856,0.7736795202149271,0.8626702730475879,0.49497474683058323,0.8949999999999999,0.36,0.33,0.3,0.47,0.0
