1,2,3,4,5,6,7,8,9,10,11,12,13
27.682999999999993,3.027381982285461,3.5644356729595597,5.689209552594568,2.3586468578403155,2.5419680695607996,5.616894827215479,3.3139827499048127,3.9620619631701883,2.7640191147433586,2.3302449799681293,3.3268926943921713,4.043394613440543
3.027381982285461,0.0,0.39,0.5545448584199478,0.25,0.24,0.5444722215136415,0.39,0.43,0.22,0.28,0.3,0.36
3.5644356729595597,0.39,0.0,0.7513188404399294,0.29,0.34,0.7071067811865475,0.5,0.58,0.35,0.35,0.44,0.5
5.689209552594572,0.5545448584199478,0.7513188404399294,2.816,1.4534441853748634,1.6010246718898493,1.2743978970478569,0.7379024325749306,0.764735248304928,0.6887089370699352,0.5008792269599529,0.6708203932499369,0.7826237921249264
2.3586468578403155,0.25,0.29,1.4534441853748634,0.0,0.69,0.5091168824543142,0.32,0.32,0.25,0.24,0.3,0.36
2.5419680695607996,0.24,0.34,1.6010246718898493,0.69,0.0,0.565685424949238,0.35,0.34,0.32,0.25,0.32,0.34
5.616894827215475,0.5444722215136415,0.7071067811865475,1.2743978970478567,0.5091168824543142,0.565685424949238,0.7399999999999999,0.6151828996322963,0.7707463914933367,0.5868986283848344,0.4454772721475249,0.7212489168102784,0.8131727983645296
3.3139827499048127,0.39,0.5,0.7379024325749306,0.32,0.35,0.6151828996322963,0.0,0.53,0.3,0.72,0.38,0.43
3.9620619631701883,0.43,0.58,0.764735248304928,0.32,0.34,0.7707463914933367,0.53,0.0,0.35,0.35,0.45,0.54
2.7640191147433586,0.22,0.35,0.6887089370699352,0.25,0.32,0.5868986283848344,0.3,0.35,0.0,0.21,0.41,0.32
2.3302449799681293,0.28,0.35,0.5008792269599529,0.24,0.25,0.4454772721475249,0.72,0.35,0.21,0.0,0.3,0.3
3.3268926943921713,0.3,0.44,0.6708203932499369,0.3,0.32,0.7212489168102784,0.38,0.45,0.41,0.3,0.0,0.46
4.043394613440543,0.36,0.5,0.7826237921249264,0.36,0.34,0.8131727983645296,0.43,0.54,0.32,0.3,0.46,0.0
