1,2,3,4,5,6,7,8,9,10,11,12,13
25.205263157894738,2.7126422672692088,3.038477227107211,3.561667508147903,3.3457687339463016,7.478404581708541,5.821041887409056,3.3192780868050007,2.27687112179481,2.1815047920861272,5.971691552650723,3.3047082308772837,3.576237364075619
2.7126422672692088,0.0,0.58,0.38,0.33,0.7155417527999327,0.5542562584220408,0.3,0.28,0.2,0.5369357503463521,0.29,0.36
3.038477227107211,0.58,0.0,0.46,0.4,0.7826237921249264,0.7101408311032398,0.33,0.27,0.19,0.5888972745734183,0.31,0.39
3.561667508147903,0.38,0.46,0.0,0.56,1.0822569011098981,0.9699484522385714,0.51,0.4,0.25,0.8198373822492687,0.43,0.46
3.3457687339463016,0.33,0.4,0.56,0.0,0.9883420460549072,0.8775724091682313,0.44,0.34,0.25,0.7678758580222024,0.39,0.44
7.478404581708543,0.7155417527999327,0.7826237921249264,1.0822569011098981,0.9883420460549072,2.3639999999999994,1.6989486945363206,1.305863698859877,0.6663482572949374,0.617154761789942,2.33928194110928,0.9615092303249095,1.0420076775149019
5.821041887409055,0.5542562584220408,0.7101408311032398,0.9699484522385714,0.8775724091682313,1.6989486945363201,1.4333333333333336,0.80251687417358,0.513841739578767,0.45033320996790815,1.3966666666666672,0.7332348418708248,0.7447818472546174
3.3192780868050007,0.3,0.33,0.51,0.44,1.305863698859877,0.80251687417358,0.0,0.31,0.29,0.9930424630061564,0.43,0.48
2.27687112179481,0.28,0.27,0.4,0.34,0.6663482572949374,0.513841739578767,0.31,0.0,0.18,0.5022947341949745,0.26,0.32
2.1815047920861272,0.2,0.19,0.25,0.25,0.617154761789942,0.45033320996790815,0.29,0.18,0.0,0.5600297611139371,0.48,0.42
5.971691552650725,0.5369357503463521,0.5888972745734183,0.8198373822492687,0.7678758580222024,2.33928194110928,1.3966666666666672,0.9930424630061564,0.5022947341949745,0.5600297611139371,1.406666666666667,0.871798906476335,0.8775724091682313
3.3047082308772837,0.29,0.31,0.43,0.39,0.9615092303249095,0.7332348418708248,0.43,0.26,0.48,0.871798906476335,0.0,0.55
3.5762373640756184,0.36,0.39,0.46,0.44,1.0420076775149019,0.7447818472546174,0.48,0.32,0.42,0.8775724091682313,0.55,0.0
