1,2,3,4,5,6,7,8,9,10,11,12,13
0.48342888047593285,0.4809302325581396,0.34911205073995766,0.4683720930232559,0.47830564784053153,0.3197674418604651,0.41883720930232554,0.293953488372093,0.43186046511627896,0.47158914728682166,0.4968604651162791,0.4797674418604652,0.4539534883720931
0.4809302325581396,1.0,0.3836363636363636,0.55,0.5128571428571429,0.37,0.46,0.31,0.44,0.46333333333333326,0.5,0.42,0.4
0.3491120507399577,0.3836363636363636,0.6028099173553719,0.3581818181818182,0.38792207792207783,0.2554545454545455,0.3318181818181818,0.23272727272727273,0.3409090909090909,0.34530303030303033,0.3881818181818182,0.3709090909090909,0.3145454545454546
0.4683720930232559,0.55,0.3581818181818182,1.0,0.49428571428571433,0.35,0.44,0.3,0.42,0.4433333333333333,0.485,0.43,0.37
0.47830564784053164,0.5128571428571429,0.38792207792207795,0.49428571428571433,0.6861224489795917,0.29,0.5257142857142857,0.4714285714285714,0.5685714285714286,0.5221428571428571,0.55,0.48999999999999994,0.45285714285714285
0.3197674418604651,0.37,0.2554545454545455,0.35,0.29,1.0,0.3,0.18,0.27,0.26666666666666666,0.29000000000000004,0.3,0.26
0.41883720930232554,0.46,0.3318181818181818,0.44,0.5257142857142857,0.3,1.0,0.33,0.48,0.42333333333333334,0.45499999999999996,0.45,0.4
0.293953488372093,0.31,0.23272727272727273,0.3,0.4714285714285714,0.18,0.33,1.0,0.35,0.33999999999999997,0.33999999999999997,0.3,0.26
0.43186046511627896,0.44,0.3409090909090909,0.42,0.5685714285714286,0.27,0.48,0.35,1.0,0.4933333333333333,0.495,0.47,0.43
0.4715891472868217,0.46333333333333326,0.34530303030303033,0.4433333333333333,0.5221428571428571,0.26666666666666666,0.42333333333333334,0.33999999999999997,0.4933333333333333,0.7144444444444443,0.5608333333333333,0.48499999999999993,0.5499999999999999
0.49686046511627907,0.5,0.3881818181818182,0.485,0.5499999999999999,0.29000000000000004,0.45499999999999996,0.33999999999999997,0.495,0.5608333333333333,0.77,0.615,0.485
0.4797674418604652,0.42,0.3709090909090909,0.43,0.48999999999999994,0.3,0.45,0.3,0.47,0.48499999999999993,0.615,1.0,0.48
0.453953488372093,0.4,0.3145454545454546,0.37,0.45285714285714285,0.26,0.4,0.26,0.43,0.5499999999999999,0.485,0.48,1.0
