1,2,3,4,5,6,7,8,9,10,11,12,13
25.109411764705875,2.703940842258087,3.188437751331777,8.260130037432468,5.90978473005198,4.021979319571249,3.764540958397315,3.1086217865421824,2.1662332899913306,4.388333910472619,2.2670534560413476,2.8089618485601875,3.4250850855325123
2.703940842258087,0.0,0.32,0.8601395235657991,0.5946707772653147,0.48790367901871773,0.41012193308819755,0.34,0.28,0.43840620433565947,0.25,0.25,0.3
3.188437751331777,0.32,0.0,1.4989196109198117,0.7851963660978911,0.565685424949238,0.6576093065034891,0.39,0.33,0.565685424949238,0.28,0.29,0.47
8.260130037432468,0.8601395235657991,1.4989196109198117,5.098,2.139769457986849,1.415431029757367,1.80450685784233,0.9644946863513558,0.7874071373819265,1.4959294769473592,0.7399729724794009,0.8506526905852939,1.2870470076885305
5.909784730051979,0.5946707772653147,0.7851963660978911,2.139769457986849,1.1933333333333336,0.9757134142086327,0.9226411364483305,0.7678758580222024,0.5773502691896258,1.0532805893967665,0.5542562584220408,0.6466323014923809,0.8833459118601276
4.021979319571251,0.48790367901871773,0.565685424949238,1.4154310297573667,0.9757134142086327,0.6799999999999999,0.6299999999999999,0.6293250352560272,0.8626702730475879,0.6449999999999999,0.3676955262170047,0.37476659402887014,0.5020458146424487
3.7645409583973146,0.41012193308819755,0.6576093065034891,1.8045068578423302,0.9226411364483305,0.6299999999999999,0.6899999999999998,0.5161879502661796,0.3747665940288702,0.6849999999999999,0.3464823227814083,0.37476659402887014,0.5868986283848344
3.1086217865421824,0.34,0.39,0.9644946863513558,0.7678758580222024,0.6293250352560272,0.5161879502661796,0.0,0.33,0.4879036790187178,0.27,0.33,0.4
2.1662332899913306,0.28,0.33,0.7874071373819265,0.5773502691896258,0.8626702730475879,0.3747665940288702,0.33,0.0,0.3323401871576773,0.18,0.19,0.31
4.388333910472619,0.43840620433565947,0.565685424949238,1.4959294769473592,1.0532805893967667,0.6449999999999999,0.6849999999999999,0.4879036790187178,0.3323401871576773,0.7099999999999999,0.8485281374238569,0.49497474683058323,0.6081118318204308
2.2670534560413476,0.25,0.28,0.7399729724794009,0.5542562584220408,0.3676955262170047,0.3464823227814083,0.27,0.18,0.8485281374238569,0.0,0.27,0.3
2.8089618485601875,0.25,0.29,0.8506526905852939,0.6466323014923809,0.37476659402887014,0.37476659402887014,0.33,0.19,0.49497474683058323,0.27,0.0,0.36
3.4250850855325115,0.3,0.47,1.2870470076885305,0.8833459118601276,0.5020458146424487,0.5868986283848344,0.4,0.31,0.6081118318204308,0.3,0.36,0.0
