1,2,3,4,5,6,7,8,9,10,11,12,13
13.947586206896549,2.2561983588511803,2.720436704293809,13.549088219586956,3.0935795581750627,2.6870115434219404,2.560738713461545,2.458606277464167,1.6712580435934674,4.4985841961793875,1.7306805518101234,2.0036526989303893,2.3564738414667876
2.2561983588511803,0.0,0.38,1.8007351439963422,0.48790367901871773,0.34,0.32,0.3,0.28,0.5427092530382482,0.25,0.25,0.29
2.720436704293809,0.38,0.0,2.6187833951261106,0.6717514421272202,0.6,0.57,0.51,0.4,0.825610884941165,0.3,0.34,0.46
13.549088219586954,1.8007351439963422,2.6187833951261106,15.342352941176465,2.966210694194351,2.6685179848174365,2.4352799090236257,2.322090842829569,1.6343815164081086,4.6249791732440455,1.716700837276513,2.14030234257851,2.778277079308643
3.0935795581750622,0.48790367901871773,0.6717514421272202,2.966210694194351,0.6799999999999999,0.6363961030678926,0.5727564927611034,0.5232590180780452,0.8626702730475879,0.8858987903065828,0.3676955262170047,0.37476659402887014,0.49497474683058323
2.6870115434219404,0.34,0.6,2.6685179848174365,0.6363961030678926,0.0,0.69,0.67,0.32,0.7967433714816837,0.29,0.34,0.48
2.560738713461545,0.32,0.57,2.4352799090236257,0.5727564927611034,0.69,0.0,0.79,0.3,0.7563288526384099,0.29,0.32,0.46
2.458606277464167,0.3,0.51,2.322090842829569,0.5232590180780452,0.67,0.79,0.0,0.27,0.7332348418708249,0.25,0.31,0.42
1.6712580435934674,0.28,0.4,1.6343815164081086,0.8626702730475879,0.32,0.3,0.27,0.0,0.490747728811182,0.18,0.19,0.26
4.498584196179387,0.5427092530382482,0.825610884941165,4.624979173244047,0.8858987903065828,0.7967433714816837,0.7563288526384099,0.7332348418708249,0.490747728811182,1.3000000000000003,0.739008344562721,0.6524058041842772,0.84870489570875
1.7306805518101234,0.25,0.3,1.716700837276513,0.3676955262170047,0.29,0.29,0.25,0.18,0.739008344562721,0.0,0.27,0.29
2.0036526989303893,0.25,0.34,2.14030234257851,0.37476659402887014,0.34,0.32,0.31,0.19,0.6524058041842772,0.27,0.0,0.37
2.356473841466788,0.29,0.46,2.778277079308643,0.49497474683058323,0.48,0.46,0.42,0.26,0.84870489570875,0.29,0.37,0.0
