1,2,3,4,5,6,7,8,9,10,11,12,13
0.4750872196511213,0.3532075471698113,0.44226415094339616,0.381320754716981,0.4525157232704401,0.3318867924528301,0.3947169811320755,0.41377358490566035,0.35188679245283,0.5460377358490566,0.45830188679245265,0.4488679245283017,0.45867924528301895
0.3532075471698113,1.0,0.37,0.26375,0.31166666666666665,0.26,0.32,0.33,0.18,0.35,0.32,0.33,0.28
0.44226415094339616,0.37,1.0,0.38125000000000003,0.5249999999999999,0.36,0.42,0.5,0.33,0.52,0.47,0.42,0.44
0.38132075471698107,0.26375,0.38125000000000003,0.6353125000000001,0.38729166666666665,0.39875,0.41874999999999996,0.3275,0.34125000000000005,0.47875,0.395,0.37375,0.3875
0.45251572327044015,0.31166666666666665,0.5249999999999999,0.3872916666666667,0.766111111111111,0.35833333333333334,0.4383333333333333,0.47333333333333333,0.3383333333333333,0.5183333333333333,0.4666666666666667,0.4283333333333333,0.4566666666666666
0.3318867924528301,0.26,0.36,0.39875,0.35833333333333334,1.0,0.69,0.32,0.29,0.41,0.33,0.35,0.37
0.3947169811320755,0.32,0.42,0.41874999999999996,0.4383333333333333,0.69,1.0,0.41,0.3,0.46,0.37,0.39,0.41
0.41377358490566035,0.33,0.5,0.3275,0.47333333333333333,0.32,0.41,1.0,0.33,0.48,0.42,0.39,0.38
0.35188679245283,0.18,0.33,0.34125000000000005,0.3383333333333333,0.29,0.3,0.33,1.0,0.5,0.34,0.32,0.51
0.5460377358490566,0.35,0.52,0.47875,0.5183333333333333,0.41,0.46,0.48,0.5,1.0,0.6,0.56,0.62
0.45830188679245265,0.32,0.47,0.395,0.4666666666666667,0.33,0.37,0.42,0.34,0.6,1.0,0.53,0.46
0.4488679245283017,0.33,0.42,0.37375,0.4283333333333333,0.35,0.39,0.39,0.32,0.56,0.53,1.0,0.47
0.45867924528301884,0.28,0.44,0.3875,0.4566666666666666,0.37,0.41,0.38,0.51,0.62,0.46,0.47,1.0
