1,2,3,4,5,6,7,8,9,10,11,12,13
0.49775390625,0.4978125,0.3534374999999999,0.36874999999999997,0.4178125,0.3990625,0.5118749999999999,0.4731249999999999,0.4488210227272727,0.4029545454545454,0.4678125000000001,0.3271874999999999,0.43375
0.4978125,1.0,0.53,0.58,0.65,0.64,0.53,0.48,0.44181818181818183,0.40545454545454546,0.48,0.35,0.41000000000000003
0.3534374999999999,0.53,1.0,0.52,0.54,0.57,0.35,0.37,0.31363636363636355,0.27454545454545454,0.28,0.25,0.26
0.36874999999999997,0.58,0.52,1.0,0.58,0.58,0.38,0.33,0.32681818181818184,0.29545454545454547,0.31,0.28,0.29
0.4178125,0.65,0.54,0.58,1.0,0.66,0.46,0.4,0.3568181818181818,0.3345454545454546,0.39,0.27,0.315
0.3990625,0.64,0.57,0.58,0.66,1.0,0.41,0.37,0.33636363636363636,0.3054545454545454,0.345,0.28,0.295
0.5118749999999999,0.53,0.35,0.38,0.46,0.41,1.0,0.56,0.4404545454545455,0.4318181818181818,0.54,0.4,0.435
0.4731249999999999,0.48,0.37,0.33,0.4,0.37,0.56,1.0,0.42590909090909096,0.39090909090909093,0.505,0.34,0.4
0.4488210227272726,0.44181818181818183,0.31363636363636355,0.32681818181818184,0.3568181818181818,0.33636363636363636,0.4404545454545455,0.42590909090909096,0.5525619834710744,0.39909090909090905,0.4120454545454546,0.2750000000000001,0.5322727272727272
0.40295454545454545,0.40545454545454546,0.27454545454545454,0.29545454545454547,0.3345454545454546,0.3054545454545454,0.4318181818181818,0.39090909090909093,0.39909090909090916,0.5621487603305786,0.3881818181818182,0.2745454545454546,0.3572727272727273
0.46781249999999996,0.48,0.28,0.31,0.39,0.345,0.54,0.505,0.41204545454545455,0.3881818181818182,0.895,0.28500000000000003,0.425
0.3271874999999999,0.35,0.25,0.28,0.27,0.28,0.4,0.34,0.2750000000000001,0.2745454545454546,0.28500000000000003,1.0,0.26
0.43375,0.41000000000000003,0.26,0.29,0.315,0.295,0.435,0.4,0.5322727272727273,0.3572727272727273,0.425,0.26,0.905
