1,2,3,4,5,6,7,8,9,10,11,12,13
23.452692307692313,2.654240438937721,2.480896627617337,2.6167981756925185,2.6334391815792757,3.787983150194024,8.817123761668054,3.61941878036962,5.697359712385001,3.3329937166734376,3.339295181275879,6.585678079684033,3.3129469219551817
2.654240438937721,0.0,0.5,0.56,0.59,0.35355339059327373,0.8730979326513149,0.39,0.5542562584220408,0.31112698372208086,0.32,0.64,0.29
2.480896627617337,0.5,0.0,0.53,0.5,0.3394112549695428,0.7748271696689157,0.37,0.5196152422706632,0.26162950903902255,0.32,0.63,0.27
2.6167981756925185,0.56,0.53,0.0,0.58,0.35355339059327373,0.8466404195406689,0.39,0.5773502691896258,0.31819805153394637,0.33,0.605,0.28
2.6334391815792757,0.59,0.5,0.58,0.0,0.3747665940288702,0.8806572221114994,0.41,0.6062177826491071,0.2969848480983499,0.33,0.62,0.28
3.7879831501940244,0.35355339059327373,0.3394112549695428,0.35355339059327373,0.3747665940288702,0.7099999999999999,1.258800449407519,0.4737615433949868,0.783836717690617,0.3999999999999999,0.4525483399593904,0.8591347391416552,0.417193000900063
8.817123761668054,0.8730979326513149,0.7748271696689157,0.8466404195406689,0.8806572221114994,1.2588004494075187,3.685714285714285,1.251062405660542,2.0206976635852896,1.242764774892773,1.2586216951207263,2.456769074559977,1.266180984580911
3.61941878036962,0.39,0.37,0.39,0.41,0.4737615433949868,1.251062405660542,0.0,1.2874911002928657,0.47376154339498683,0.5,0.925,0.49
5.6973597123849995,0.5542562584220408,0.5196152422706632,0.5773502691896258,0.6062177826491071,0.783836717690617,2.0206976635852896,1.2874911002928657,1.5000000000000004,0.7797542347859784,0.8025168741735799,1.4606961810497534,0.7794228634059949
3.3329937166734367,0.31112698372208086,0.26162950903902255,0.31819805153394637,0.2969848480983499,0.3999999999999999,1.242764774892773,0.47376154339498683,0.7797542347859784,0.7499999999999999,0.43133513652379396,1.237436867076458,0.8131727983645296
3.339295181275879,0.32,0.32,0.33,0.33,0.4525483399593904,1.2586216951207263,0.5,0.8025168741735799,0.43133513652379396,0.0,0.9,0.44
6.585678079684032,0.64,0.63,0.605,0.62,0.8591347391416552,2.4567690745599773,0.925,1.4606961810497534,1.237436867076458,0.9,1.94,1.145
3.312946921955181,0.29,0.27,0.28,0.28,0.417193000900063,1.2661809845809113,0.49,0.779422863405995,0.8131727983645296,0.44,1.145,0.0
