1,2,3,4,5,6,7,8,9,10,11,12,13
27.841052631578947,2.8676125530458196,2.9788732710392827,3.7616718940647247,6.695374455379202,4.768788388056078,2.6689326994860636,3.2437797424522934,2.7868160792648524,4.080884192117399,2.42654327814316,2.484822701854022,3.5378259257207314
2.8676125530458196,0.0,0.62,0.43,0.6160820910050403,0.5253887449625595,0.25,0.38,0.23,0.43,0.2,0.21,0.34
2.9788732710392827,0.62,0.0,0.41,0.6538785383059631,0.5484827557301446,0.28,0.4,0.22,0.43,0.2,0.25,0.34
3.7616718940647247,0.43,0.41,0.0,0.9071147352221453,0.7794228634059949,0.38,0.55,0.35,0.61,0.25,0.3,0.43
6.695374455379204,0.6160820910050403,0.6538785383059631,0.9071147352221453,4.159999999999999,1.237295437638077,1.0091651429346367,0.6878953408767936,0.7975050380494694,1.0129447876647288,0.3817441177393195,0.5556077753235641,0.8088439722397464
4.768788388056074,0.5253887449625595,0.5484827557301446,0.7794228634059949,1.237295437638077,1.266666666666667,0.4792007234273895,0.7043673284113435,0.4445597072760119,0.7332348418708248,0.3752776749732568,0.40414518843273806,0.5369357503463521
2.6689326994860636,0.25,0.28,0.38,1.0091651429346367,0.4792007234273895,0.0,0.32,0.29,0.45,0.12,0.22,0.35
3.2437797424522934,0.38,0.4,0.55,0.6878953408767936,0.7043673284113435,0.32,0.0,0.33,0.55,0.23,0.27,0.39
2.7868160792648524,0.23,0.22,0.35,0.7975050380494694,0.4445597072760119,0.29,0.33,0.0,0.43,0.2,0.22,0.32
4.080884192117399,0.43,0.43,0.61,1.0129447876647288,0.7332348418708248,0.45,0.55,0.43,0.0,0.26,0.35,0.54
2.42654327814316,0.2,0.2,0.25,0.3817441177393195,0.3752776749732568,0.12,0.23,0.2,0.26,0.0,0.15,0.27
2.484822701854022,0.21,0.25,0.3,0.5556077753235641,0.40414518843273806,0.22,0.27,0.22,0.35,0.15,0.0,0.35
3.5378259257207323,0.34,0.34,0.43,0.8088439722397462,0.5369357503463521,0.35,0.39,0.32,0.54,0.27,0.35,0.0
