1,2,3,4,5,6,7,8,9,10,11,12,13
18.84780487804878,2.472230650696633,3.426452335836017,2.280136923573648,2.380088131182356,2.5112740911687848,9.750655429293612,3.5857116516502665,8.97270319970671,2.808273708083347,4.2071905153582385,3.148463039674297,3.900441500963579
2.472230650696633,0.0,0.52,0.5,0.5,0.22,1.1142860195359778,0.43133513652379396,1.03,0.31112698372208086,0.46765371804359696,0.35,0.3889087296526011
3.426452335836017,0.52,0.0,0.5,0.54,0.35,1.6887495373796555,0.6151828996322962,1.4966666666666664,0.4384062043356594,0.6985938257194473,0.51,0.6363961030678927
2.280136923573648,0.5,0.5,0.0,0.52,0.23,1.004589468389949,0.41012193308819755,0.9833333333333333,0.26162950903902255,0.490747728811182,0.34,0.3676955262170047
2.380088131182356,0.5,0.54,0.52,0.0,0.26,1.0883052574224448,0.41012193308819755,1.0166666666666666,0.31112698372208086,0.5022947341949745,0.34,0.4101219330881975
2.5112740911687848,0.22,0.35,0.23,0.26,0.0,1.1691342951089922,0.5374011537017761,0.9766666666666666,0.28284271247461895,0.4734272207354932,0.36,0.42426406871192845
9.750655429293616,1.1142860195359778,1.6887495373796555,1.004589468389949,1.0883052574224448,1.1691342951089922,5.651666666666667,1.8126224096595518,4.825685999976622,1.598292057166024,2.128333333333334,1.6483350185363816,2.159633456553835
3.585711651650268,0.43133513652379396,0.6151828996322962,0.41012193308819755,0.41012193308819755,0.5374011537017761,1.8126224096595516,0.6899999999999998,1.4825672178877942,0.3549999999999999,0.7593418202627853,0.565685424949238,0.5949999999999999
8.972703199706714,1.03,1.4966666666666664,0.9833333333333333,1.0166666666666666,0.9766666666666666,4.8256859999766215,1.4825672178877942,5.102222222222221,1.9068312865997228,2.217025033688163,2.063333333333333,2.4112341238461266
2.808273708083347,0.31112698372208086,0.4384062043356594,0.26162950903902255,0.31112698372208086,0.28284271247461895,1.5982920571660237,0.3549999999999999,1.9068312865997228,0.7499999999999999,0.6246198844097104,0.6081118318204308,1.1199999999999997
4.207190515358239,0.46765371804359696,0.6985938257194473,0.490747728811182,0.5022947341949745,0.4734272207354932,2.128333333333334,0.7593418202627853,2.217025033688163,0.6246198844097104,1.2733333333333334,0.7794228634059949,0.89406375611586
3.148463039674297,0.35,0.51,0.34,0.34,0.36,1.6483350185363816,0.565685424949238,2.063333333333333,0.6081118318204308,0.7794228634059949,0.0,0.8273149339882605
3.9004415009635798,0.3889087296526011,0.6363961030678926,0.3676955262170047,0.4101219330881975,0.42426406871192845,2.1596334565538355,0.595,2.4112341238461266,1.1199999999999997,0.8940637561158601,0.8273149339882604,0.8099999999999999
