1,2,3,4,5,6,7,8,9,10,11,12,13
3.811428571428571,7.1781439815880095,1.4476039316253402,1.1641305768684198,0.9524704719832526,1.1565712874082354,1.0396462310393306,1.3977762952019792,0.6349803146555016,0.8806572221114994,0.7370307223679929,1.2053482010250338,0.9638094061735293
7.178143981588009,26.028928571428562,2.385306584068389,3.543884067758747,3.396890384706913,3.6106993782368524,3.864686736519347,4.972122642436382,2.6846391750103034,3.4743961448615175,2.2623664127886722,4.965508264158722,3.696222975648829
1.4476039316253402,2.385306584068389,0.0,0.38,0.29,0.35,0.3394112549695428,0.4666904755831214,0.18,0.26,0.25,0.40305086527633205,0.34
1.1641305768684198,3.543884067758747,0.38,0.0,0.51,0.58,0.48083261120685233,0.7071067811865475,0.32,0.47,0.37,0.6293250352560272,0.42
0.9524704719832526,3.396890384706913,0.29,0.51,0.0,0.49,0.6293250352560272,0.6576093065034891,0.37,0.43,0.33,0.6222539674441617,0.42
1.1565712874082354,3.6106993782368524,0.35,0.58,0.49,0.0,0.4808326112068523,0.7283199846221439,0.35,0.51,0.4,0.6576093065034891,0.46
1.0396462310393306,3.8646867365193485,0.3394112549695428,0.48083261120685233,0.6293250352560272,0.4808326112068523,0.7099999999999999,0.6699999999999999,0.39597979746446654,0.4525483399593904,0.35355339059327373,0.6,0.45254833995939037
1.3977762952019792,4.972122642436384,0.4666904755831214,0.7071067811865475,0.6576093065034891,0.7283199846221439,0.6699999999999999,0.6399999999999999,0.6646803743153546,0.8131727983645296,0.48790367901871773,0.9649999999999999,0.6929646455628166
0.6349803146555016,2.6846391750103034,0.18,0.32,0.37,0.35,0.39597979746446654,0.6646803743153546,0.0,0.49,0.21,0.6858935777509511,0.35
0.8806572221114994,3.4743961448615175,0.26,0.47,0.43,0.51,0.4525483399593904,0.8131727983645296,0.49,0.0,0.31,0.7848885271170677,0.48
0.7370307223679929,2.2623664127886722,0.25,0.37,0.33,0.4,0.35355339059327373,0.48790367901871773,0.21,0.31,0.0,0.38183766184073564,0.32
1.2053482010250338,4.965508264158722,0.40305086527633205,0.6293250352560272,0.6222539674441617,0.6576093065034891,0.6,0.9649999999999999,0.6858935777509511,0.7848885271170677,0.38183766184073564,0.6599999999999999,0.6646803743153545
0.9638094061735294,3.69622297564883,0.34,0.42,0.42,0.46,0.45254833995939037,0.6929646455628166,0.35,0.48,0.32,0.6646803743153546,0.0
