1,2,3,4,5,6,7,8,9,10,11,12,13
0.5067573696145123,0.37142857142857144,0.4330952380952381,0.4630952380952381,0.34392857142857136,0.31761904761904763,0.3691269841269841,0.4757936507936508,0.3352380952380952,0.4936190476190476,0.41494047619047614,0.4666666666666667,0.507857142857143
0.37142857142857144,1.0,0.54,0.29,0.2283333333333333,0.22,0.2833333333333333,0.31166666666666665,0.185,0.29,0.29250000000000004,0.33,0.34500000000000003
0.4330952380952381,0.54,1.0,0.37,0.28833333333333333,0.29,0.31666666666666665,0.4066666666666667,0.215,0.34,0.3225,0.35,0.39749999999999996
0.4630952380952381,0.29,0.37,1.0,0.44999999999999996,0.43,0.37666666666666665,0.45999999999999996,0.255,0.436,0.3725,0.41,0.43999999999999995
0.34392857142857136,0.2283333333333333,0.28833333333333333,0.44999999999999996,0.7566666666666667,0.6566666666666666,0.2705555555555555,0.3283333333333333,0.18666666666666668,0.32866666666666666,0.2866666666666666,0.31166666666666665,0.3225
0.31761904761904763,0.22,0.29,0.43,0.6566666666666666,1.0,0.26666666666666666,0.3016666666666667,0.185,0.29800000000000004,0.2575,0.27,0.3175
0.36912698412698414,0.2833333333333333,0.31666666666666665,0.37666666666666665,0.27055555555555555,0.26666666666666666,0.7555555555555555,0.3927777777777778,0.2516666666666667,0.3473333333333333,0.2875,0.31,0.36083333333333334
0.47579365079365066,0.31166666666666665,0.4066666666666667,0.45999999999999996,0.3283333333333333,0.3016666666666667,0.3927777777777777,0.766111111111111,0.315,0.471,0.3770833333333333,0.4283333333333333,0.4658333333333333
0.33523809523809517,0.185,0.215,0.255,0.18666666666666665,0.185,0.25166666666666665,0.315,0.875,0.502,0.26749999999999996,0.315,0.475
0.4936190476190476,0.29,0.34,0.436,0.32866666666666666,0.29800000000000004,0.3473333333333334,0.471,0.502,0.7240000000000002,0.406,0.47400000000000003,0.5855000000000001
0.41494047619047614,0.29250000000000004,0.3225,0.3725,0.2866666666666666,0.2575,0.2875,0.3770833333333333,0.26749999999999996,0.406,0.69875,0.45249999999999996,0.43937499999999996
0.4666666666666667,0.33,0.35,0.41,0.31166666666666665,0.27,0.31,0.4283333333333333,0.315,0.47400000000000003,0.45249999999999996,1.0,0.4925
0.5078571428571428,0.34500000000000003,0.3975000000000001,0.43999999999999995,0.3225,0.3175,0.36083333333333334,0.46583333333333327,0.475,0.5855,0.43937499999999996,0.4925,0.77125
