1,2,3,4,5,6,7,8,9,10,11,12,13
4.5074999999999985,1.534421715174808,1.5980613254815974,7.466664601934237,3.860546120195153,1.2339013331705253,1.0924799769332159,0.8449926035179243,0.6293250352560272,0.7495331880577403,1.0712667734976193,1.6499999999999997,0.7884240610230004
1.534421715174808,0.0,0.52,2.1197924426698003,1.0733448796958185,0.33,0.28,0.25,0.16,0.23,0.33,0.4808326112068523,0.23
1.5980613254815974,0.52,0.0,2.22563299360479,1.1371354022617197,0.34,0.3,0.28,0.2,0.25,0.29,0.5020458146424487,0.25
7.466664601934237,2.1197924426698003,2.22563299360479,21.14577777777778,11.152376436031032,2.775705716069739,3.0172010576397152,2.084015355029804,2.0676175231948055,2.1779302100847957,3.069375977114711,5.091267032871091,2.54613607037976
3.8605461201951523,1.0733448796958185,1.1371354022617197,11.152376436031032,6.506153846153847,1.4865965258836142,1.547613547468389,1.0844388836203231,0.990139850262034,1.0567038738090615,1.5892160621852813,2.516170013822901,1.311865964072667
1.2339013331705253,0.33,0.34,2.775705716069739,1.4865965258836142,0.0,0.43,0.33,0.23,0.27,0.39,0.5868986283848344,0.33
1.0924799769332159,0.28,0.3,3.0172010576397152,1.547613547468389,0.43,0.0,0.27,0.27,0.25,0.4,0.6293250352560272,0.31
0.8449926035179243,0.25,0.28,2.084015355029804,1.0844388836203231,0.33,0.27,0.0,0.18,0.18,0.27,0.40305086527633205,0.19
0.6293250352560272,0.16,0.2,2.0676175231948055,0.990139850262034,0.23,0.27,0.18,0.0,0.15,0.27,0.6151828996322962,0.31
0.7495331880577403,0.23,0.25,2.1779302100847957,1.0567038738090615,0.27,0.25,0.18,0.15,0.0,0.35,0.5374011537017761,0.27
1.0712667734976193,0.33,0.29,3.069375977114711,1.5892160621852813,0.39,0.4,0.27,0.27,0.35,0.0,0.7707463914933368,0.37
1.65,0.4808326112068523,0.5020458146424487,5.091267032871092,2.5161700138229013,0.5868986283848344,0.6293250352560272,0.40305086527633205,0.6151828996322962,0.5374011537017761,0.7707463914933368,0.7799999999999998,0.7212489168102785
0.7884240610230004,0.23,0.25,2.5461360703797604,1.311865964072667,0.33,0.31,0.19,0.31,0.27,0.37,0.7212489168102785,0.0
