1,2,3,4,5,6,7,8,9,10,11,12,13
26.06413793103448,2.802079277226477,2.9044982948570603,3.6437535118573017,2.723295417510643,8.425732411290232,3.6306228685713298,2.1324164696418944,2.8138968561838547,2.4134122359616987,4.468758313230754,5.130762193831942,3.2997306577648295
2.802079277226477,0.0,0.58,0.44,0.26,0.8858987903065828,0.37,0.18,0.24,0.21,0.3889087296526011,0.4596194077712559,0.26
2.9044982948570603,0.58,0.0,0.41,0.25,0.9267236193529692,0.37,0.2,0.26,0.25,0.43840620433565947,0.4879036790187178,0.3
3.6437535118573017,0.44,0.41,0.0,0.34,1.37171425595858,0.58,0.25,0.34,0.3,0.5586143571373725,0.6151828996322963,0.43
2.723295417510643,0.26,0.25,0.34,0.0,0.7675067860720625,0.37,0.14,0.23,0.21,0.39597979746446654,0.417193000900063,0.28
8.42573241129023,0.8858987903065828,0.9267236193529692,1.37171425595858,0.7675067860720625,3.5966666666666676,1.3349719098168322,0.6531972647421809,0.8899812732112214,0.6858571279792899,1.3798671433632057,1.550185472774145,1.0777754868245983
3.6306228685713298,0.37,0.37,0.58,0.37,1.3349719098168322,0.0,0.3,0.39,0.3,0.5232590180780451,0.6576093065034891,0.47
2.1324164696418944,0.18,0.2,0.25,0.14,0.6531972647421809,0.3,0.0,0.75,0.15,0.47376154339498683,0.6363961030678927,0.48
2.8138968561838547,0.24,0.26,0.34,0.23,0.8899812732112214,0.39,0.75,0.0,0.21,0.6151828996322962,0.7707463914933368,0.61
2.4134122359616987,0.21,0.25,0.3,0.21,0.6858571279792899,0.3,0.15,0.21,0.0,0.4384062043356594,0.4808326112068523,0.26
4.468758313230752,0.3889087296526011,0.43840620433565947,0.5586143571373725,0.39597979746446654,1.3798671433632055,0.5232590180780451,0.47376154339498683,0.6151828996322962,0.4384062043356594,0.7599999999999999,1.1349999999999998,0.6929646455628166
5.130762193831942,0.4596194077712559,0.4879036790187178,0.6151828996322963,0.417193000900063,1.550185472774145,0.6576093065034891,0.6363961030678927,0.7707463914933368,0.4808326112068523,1.1349999999999998,0.6799999999999999,0.834386001800126
3.2997306577648278,0.26,0.3,0.43,0.28,1.0777754868245983,0.47,0.48,0.61,0.26,0.6929646455628166,0.834386001800126,0.0
