1,2,3,4,5,6,7,8,9,10,11,12,13
18.12564102564103,2.7734196239041093,3.0584477376771644,2.9351490592472462,4.777202324717056,2.137710853297913,13.602356184020755,2.3026428517171533,2.666133760854701,2.855084982344704,1.9631711656503688,2.3282633563259663,2.7061657993059725
2.7734196239041093,0.0,0.46,0.39,0.648459713474939,0.28,1.695222186284018,0.32,0.34,0.37,0.25,0.25,0.31
3.0584477376771644,0.46,0.0,0.57,0.7736795202149273,0.36,2.343702014001521,0.44,0.47,0.42,0.3,0.34,0.43
2.9351490592472462,0.39,0.57,0.0,0.7513188404399294,0.34,2.162294473771865,0.44,0.44,0.45,0.3,0.35,0.37
4.777202324717057,0.648459713474939,0.7736795202149273,0.7513188404399294,2.816,1.6010246718898493,3.5798859588345646,0.5545448584199478,0.6708203932499369,0.711069616844933,0.4919349550499537,0.5142956348249517,0.6574039853849382
2.137710853297913,0.28,0.36,0.34,1.6010246718898493,0.0,1.6180718530829001,0.26,0.32,0.3,0.2,0.22,0.29
13.602356184020753,1.695222186284018,2.343702014001521,2.162294473771865,3.579885958834565,1.6180718530829001,11.273913043478263,1.661859880034886,2.097655005414172,2.1351875999444454,1.4679414749618065,1.8390971319833997,2.3854048968129353
2.3026428517171533,0.32,0.44,0.44,0.5545448584199478,0.26,1.661859880034886,0.0,0.33,0.32,0.23,0.25,0.32
2.666133760854701,0.34,0.47,0.44,0.6708203932499369,0.32,2.097655005414172,0.33,0.0,0.48,0.33,0.33,0.4
2.855084982344704,0.37,0.42,0.45,0.711069616844933,0.3,2.1351875999444454,0.32,0.48,0.0,0.71,0.37,0.4
1.9631711656503688,0.25,0.3,0.3,0.4919349550499537,0.2,1.4679414749618065,0.23,0.33,0.71,0.0,0.27,0.26
2.3282633563259663,0.25,0.34,0.35,0.5142956348249517,0.22,1.8390971319833997,0.25,0.33,0.37,0.27,0.0,0.43
2.706165799305973,0.31,0.43,0.37,0.6574039853849382,0.29,2.3854048968129353,0.32,0.4,0.4,0.26,0.43,0.0
