1,2,3,4,5,6,7,8,9,10,11,12,13
0.48049970255800145,0.5065853658536588,0.36195121951219533,0.38731707317073194,0.3766666666666668,0.39292682926829287,0.48926829268292715,0.4399614890885753,0.34731707317073185,0.4615853658536588,0.29609756097560996,0.427317073170732,0.4539024390243904
0.5065853658536588,1.0,0.53,0.59,0.33999999999999997,0.41000000000000003,0.5,0.43315789473684213,0.3,0.45499999999999996,0.31,0.44,0.41
0.36195121951219533,0.53,1.0,0.53,0.22666666666666668,0.29000000000000004,0.33,0.30052631578947364,0.18,0.32,0.23,0.33,0.2866666666666667
0.38731707317073194,0.59,0.53,1.0,0.23333333333333334,0.28,0.32,0.31421052631578944,0.23,0.33999999999999997,0.22,0.34,0.30666666666666664
0.37666666666666676,0.33999999999999997,0.22666666666666668,0.23333333333333334,0.7844444444444445,0.3733333333333333,0.39333333333333337,0.3140350877192982,0.31,0.3333333333333333,0.22,0.3033333333333333,0.33999999999999997
0.39292682926829287,0.41000000000000003,0.29000000000000004,0.28,0.3733333333333333,0.845,0.43999999999999995,0.33473684210526317,0.295,0.365,0.245,0.37,0.38333333333333336
0.48926829268292715,0.5,0.33,0.32,0.39333333333333337,0.43999999999999995,1.0,0.4642105263157894,0.37,0.46499999999999997,0.3,0.42,0.5433333333333333
0.4399614890885751,0.43315789473684213,0.30052631578947364,0.31421052631578944,0.3140350877192982,0.3347368421052632,0.4642105263157894,0.5732963988919668,0.35684210526315785,0.4926315789473684,0.34947368421052627,0.481578947368421,0.49947368421052624
0.34731707317073185,0.3,0.18,0.23,0.31,0.295,0.37,0.35684210526315785,1.0,0.405,0.22,0.32,0.5133333333333333
0.46158536585365884,0.45499999999999996,0.32,0.33999999999999997,0.3333333333333333,0.365,0.46499999999999997,0.4926315789473684,0.405,0.825,0.405,0.595,0.49166666666666664
0.29609756097560996,0.31,0.23,0.22,0.22,0.245,0.3,0.34947368421052627,0.22,0.405,1.0,0.35,0.29333333333333333
0.427317073170732,0.44,0.33,0.34,0.3033333333333333,0.37,0.42,0.481578947368421,0.32,0.595,0.35,1.0,0.4666666666666666
0.4539024390243902,0.41,0.2866666666666666,0.30666666666666664,0.33999999999999997,0.3833333333333333,0.5433333333333333,0.49947368421052635,0.5133333333333333,0.49166666666666664,0.29333333333333333,0.4666666666666666,0.7977777777777776
