1,2,3,4,5,6,7,8,9,10,11,12,13
2.8,6.350540535894498,1.2566702033548818,1.3908342820048691,1.3863621460498694,1.3192801067248756,1.0688404932448994,1.3013915629048776,0.9167878707749137,0.509823498869952,1.0372270725352284,1.988,1.6008331164323992
6.350540535894499,24.004705882352933,2.2488498149489837,2.398679783939981,2.4280856657045686,2.3720744623434484,3.4376876062887636,5.1222245473744605,3.0022005001560528,2.1466293688149394,3.8793980733826086,7.698175210309741,6.385154555123193
1.2566702033548818,2.2488498149489837,0.0,0.53,0.5,0.52,0.38,0.43999999999999995,0.32,0.16,0.4030508652763321,0.7423745685299302,0.6062177826491071
1.3908342820048691,2.398679783939981,0.53,0.0,0.58,0.52,0.43,0.44,0.33,0.2,0.3889087296526011,0.7244860247099318,0.6119912853410034
1.3863621460498694,2.4280856657045686,0.5,0.58,0.0,0.51,0.42,0.52,0.31,0.18,0.37476659402887014,0.7513188404399294,0.6119912853410033
1.3192801067248756,2.3720744623434484,0.52,0.52,0.51,0.0,0.38,0.495,0.33,0.2,0.41719300090006306,0.7557909763949289,0.6177647880328997
1.0688404932448994,3.4376876062887636,0.38,0.43,0.42,0.38,0.0,0.685,0.46,0.25,0.5444722215136415,1.0330634056049028,0.871798906476335
1.3013915629048776,5.12222454737446,0.43999999999999995,0.44,0.52,0.495,0.685,2.035,0.7549999999999999,0.28500000000000003,0.714177848998413,1.4087228258248674,1.1518137870333036
0.9167878707749137,3.0022005001560528,0.32,0.33,0.31,0.33,0.46,0.7549999999999999,0.0,0.16,0.47376154339498683,0.8541779674049196,0.6812733176437585
0.509823498869952,2.1466293688149394,0.16,0.2,0.18,0.2,0.25,0.28500000000000003,0.16,0.0,0.2757716446627535,0.8988993269549154,0.7332348418708249
1.0372270725352284,3.879398073382608,0.4030508652763321,0.3889087296526011,0.37476659402887014,0.41719300090006306,0.5444722215136415,0.714177848998413,0.47376154339498683,0.2757716446627535,0.7099999999999999,1.2902092853486986,1.094105418443153
1.9879999999999998,7.69817521030974,0.7423745685299302,0.7244860247099318,0.7513188404399294,0.7557909763949289,1.0330634056049028,1.4087228258248676,0.8541779674049196,0.8988993269549154,1.2902092853486986,2.56,2.5535870195994237
1.600833116432399,6.385154555123194,0.6062177826491071,0.6119912853410034,0.6119912853410033,0.6177647880328996,0.871798906476335,1.1518137870333036,0.6812733176437585,0.7332348418708248,1.094105418443153,2.5535870195994237,1.533333333333334
