1,2,3,4,5,6,7,8,9,10,11,12,13
14.783030303030307,2.062820223075019,2.198600794720463,2.363974567878377,2.7869832718507235,2.3134920476512244,13.126702164590633,2.4440502896179974,1.8974464499171069,4.380664212125137,2.605942509656797,3.4859510245347036,2.58679396750167
2.062820223075019,0.0,0.53,0.57,0.38,0.22,1.6731149969752372,0.33,0.18,0.605,0.31,0.38890872965260115,0.3
2.198600794720463,0.53,0.0,0.61,0.43,0.2,1.7492500856278286,0.39,0.23,0.61,0.35,0.43133513652379396,0.32
2.363974567878377,0.57,0.61,0.0,0.42,0.23,1.8105295472262557,0.4,0.22,0.635,0.32,0.42426406871192845,0.35
2.7869832718507235,0.38,0.43,0.42,0.0,0.34,2.46974799775479,0.53,0.32,0.845,0.46,0.6222539674441617,0.46
2.3134920476512244,0.22,0.2,0.23,0.34,0.0,1.6118355353768106,0.26,0.27,0.545,0.34,0.4596194077712559,0.33
13.126702164590634,1.6731149969752372,1.7492500856278286,1.8105295472262557,2.46974799775479,1.6118355353768106,14.720689655172416,2.170778503289737,2.022222232748095,4.762156947550496,2.993408851414076,3.8906096056335784,2.586736060806332
2.4440502896179974,0.33,0.39,0.4,0.53,0.26,2.170778503289737,0.0,0.33,0.6950000000000001,0.42,0.5444722215136416,0.4
1.8974464499171069,0.18,0.23,0.22,0.32,0.27,2.022222232748095,0.33,0.0,0.63,0.49,0.728319984622144,0.39
4.3806642121251365,0.605,0.61,0.635,0.845,0.545,4.762156947550494,0.6950000000000001,0.63,1.825,0.88,1.1773327906756015,0.86
2.605942509656797,0.31,0.35,0.32,0.46,0.34,2.993408851414076,0.42,0.49,0.88,0.0,0.9970205614730319,0.52
3.485951024534704,0.38890872965260115,0.43133513652379396,0.42426406871192845,0.6222539674441617,0.4596194077712559,3.89060960563358,0.5444722215136416,0.728319984622144,1.1773327906756015,0.9970205614730319,0.6599999999999999,0.7212489168102785
2.58679396750167,0.3,0.32,0.35,0.46,0.33,2.586736060806332,0.4,0.39,0.8600000000000001,0.52,0.7212489168102785,0.0
