1,2,3,4,5,6,7,8,9,10,11,12,13
23.348571428571432,2.4285714285714293,2.611428571428572,2.8628571428571425,2.729999999999999,3.278571428571429,8.560737380027257,2.5185714285714282,8.097078910351959,3.1614285714285715,4.942676400493967,2.647142857142857,3.5200000000000005
2.4285714285714293,0.0,0.5,0.54,0.57,0.37,0.8285167469641155,0.18,0.8164032616999308,0.33,0.47376154339498683,0.23,0.27
2.611428571428572,0.5,0.0,0.62,0.58,0.39,0.9297096320895035,0.23,0.8164032616999306,0.31,0.4666904755831213,0.23,0.35
2.8628571428571425,0.54,0.62,0.0,0.66,0.4,1.0309025172148918,0.25,0.91467402468233,0.35,0.5161879502661796,0.25,0.35
2.729999999999999,0.57,0.58,0.66,0.0,0.37,0.9202227991089984,0.22,0.8655386431911303,0.34,0.49497474683058323,0.26,0.31
3.278571428571429,0.37,0.39,0.4,0.37,0.0,1.1890164002233108,0.33,1.0923173269966664,0.42,0.6081118318204308,0.29,0.44
8.560737380027254,0.8285167469641155,0.9297096320895035,1.0309025172148918,0.9202227991089984,1.1890164002233108,4.746,1.084661237437754,2.9450432933999457,1.1257708470199428,1.6323296235748463,0.8506526905852939,1.3060206736495406
2.5185714285714282,0.18,0.23,0.25,0.22,0.33,1.084661237437754,0.0,0.9260129588726067,0.32,0.4596194077712558,0.3,0.52
8.097078910351959,0.8164032616999308,0.8164032616999306,0.91467402468233,0.8655386431911303,1.0923173269966664,2.9450432933999453,0.9260129588726067,3.334285714285714,1.3417738791827565,1.7184897854968884,0.9486908272531602,1.194367734709158
3.1614285714285715,0.33,0.31,0.35,0.34,0.42,1.1257708470199428,0.32,1.3417738791827565,0.0,0.6858935777509511,0.37,0.46
4.942676400493966,0.47376154339498683,0.4666904755831213,0.5161879502661796,0.49497474683058323,0.6081118318204308,1.6323296235748463,0.4596194077712558,1.7184897854968886,0.6858935777509511,0.6499999999999999,0.8909545442950498,0.7071067811865475
2.647142857142857,0.23,0.23,0.25,0.26,0.29,0.8506526905852939,0.3,0.9486908272531602,0.37,0.8909545442950498,0.0,0.4
3.5199999999999996,0.27,0.35,0.35,0.31,0.44,1.3060206736495408,0.52,1.194367734709158,0.46,0.7071067811865475,0.4,0.0
