1,2,3,4,5,6,7,8,9,10,11,12,13
0.4708058409951325,0.3709302325581396,0.36744186046511623,0.4055813953488372,0.4674418604651163,0.407107558139535,0.45465116279069756,0.2990697674418604,0.48015503875968985,0.3588372093023256,0.48302325581395344,0.4227906976744187,0.5143720930232558
0.3709302325581396,1.0,0.59,0.64,0.43,0.30125,0.4,0.24,0.3566666666666667,0.3,0.36,0.3,0.36400000000000005
0.36744186046511623,0.59,1.0,0.62,0.42,0.308125,0.39,0.26,0.3833333333333333,0.28,0.345,0.3,0.36400000000000005
0.4055813953488372,0.64,0.62,1.0,0.43,0.33625,0.39,0.29,0.42,0.32,0.375,0.34,0.402
0.4674418604651163,0.43,0.42,0.43,1.0,0.42937500000000006,0.55,0.34,0.5599999999999999,0.43,0.49,0.46,0.5060000000000001
0.407107558139535,0.30125,0.308125,0.33625,0.42937500000000006,0.519453125,0.41125000000000006,0.44625,0.44375,0.311875,0.431875,0.394375,0.43675
0.45465116279069756,0.4,0.39,0.39,0.55,0.41125000000000006,1.0,0.29,0.5366666666666666,0.44,0.48,0.44,0.48600000000000004
0.2990697674418604,0.24,0.26,0.29,0.34,0.44625,0.29,1.0,0.32666666666666666,0.24,0.29000000000000004,0.3,0.34800000000000003
0.4801550387596898,0.3566666666666667,0.3833333333333333,0.42,0.5599999999999999,0.44375,0.5366666666666666,0.32666666666666666,0.8222222222222221,0.43,0.48,0.43333333333333335,0.49666666666666665
0.3588372093023256,0.3,0.28,0.32,0.43,0.311875,0.44,0.24,0.43,1.0,0.32999999999999996,0.33,0.35800000000000004
0.48302325581395356,0.36,0.345,0.375,0.49,0.43187500000000006,0.48,0.29000000000000004,0.4799999999999999,0.32999999999999996,0.855,0.565,0.558
0.4227906976744187,0.3,0.3,0.34,0.46,0.394375,0.44,0.3,0.43333333333333335,0.33,0.565,1.0,0.45200000000000007
0.5143720930232559,0.364,0.364,0.402,0.506,0.4367500000000001,0.48600000000000004,0.34800000000000003,0.4966666666666667,0.35800000000000004,0.558,0.452,0.7816000000000001
