1,2,3,4,5,6,7,8,9,10,11,12,13
25.366428571428575,2.9064660057976144,3.7116111249506094,10.003302233780458,2.5763983720357713,3.0227246460295203,3.8250004668533792,2.1674886719097612,2.8396506953195098,3.030742483286893,3.428961733736405,3.3100304810853745,3.6227261341229107
2.9064660057976144,0.0,0.3464823227814082,1.0854089091213504,0.28,0.37,0.47376154339498683,0.2,0.26,0.3,0.32,0.3,0.31
3.7116111249506116,0.3464823227814082,0.6899999999999998,1.39,0.5586143571373725,0.5444722215136415,0.5799999999999998,0.20506096654409878,0.31112698372208086,0.40305086527633205,0.41012193308819755,0.3959797974644666,0.4596194077712558
10.00330223378046,1.0854089091213504,1.3899999999999997,4.322499999999999,1.0924799769332159,1.2975409434773144,1.5999999999999999,0.8131727983645295,1.088944443027283,1.078337841309485,1.400071426749364,1.30461201128918,1.4743176387739514
2.5763983720357713,0.28,0.5586143571373725,1.0924799769332159,0.0,0.69,0.39597979746446654,0.12,0.19,0.31,0.35,0.26,0.39
3.0227246460295203,0.37,0.5444722215136415,1.2975409434773144,0.69,0.0,0.4666904755831214,0.16,0.24,0.34,0.41,0.33,0.41
3.825000466853379,0.47376154339498683,0.5799999999999998,1.5999999999999999,0.39597979746446654,0.4666904755831214,0.7199999999999999,0.31112698372208086,0.4101219330881975,0.37476659402887014,0.4879036790187178,0.4525483399593904,0.4666904755831214
2.1674886719097612,0.2,0.20506096654409878,0.8131727983645295,0.12,0.16,0.31112698372208086,0.0,0.75,0.24,0.33,0.48,0.33
2.8396506953195098,0.26,0.31112698372208086,1.088944443027283,0.19,0.24,0.4101219330881975,0.75,0.0,0.36,0.41,0.61,0.43
3.030742483286893,0.3,0.40305086527633205,1.078337841309485,0.31,0.34,0.37476659402887014,0.24,0.36,0.0,0.38,0.38,0.39
3.428961733736405,0.32,0.41012193308819755,1.400071426749364,0.35,0.41,0.4879036790187178,0.33,0.41,0.38,0.0,0.49,0.67
3.3100304810853745,0.3,0.3959797974644666,1.30461201128918,0.26,0.33,0.4525483399593904,0.48,0.61,0.38,0.49,0.0,0.51
3.622726134122913,0.31,0.4596194077712559,1.4743176387739516,0.39,0.41,0.4666904755831214,0.33,0.43,0.39,0.67,0.51,0.0
