1,2,3,4,5,6,7,8,9,10,11,12,13
18.26,2.403513194404323,2.643535715870145,8.297709935397247,2.851554578385887,11.855321691223837,2.1043070375085735,2.252266126083395,1.8889443641385546,2.6698395538390027,2.0566313311900197,2.8671183386054304,2.875338287970699
2.403513194404323,0.0,0.58,1.0251385715643964,0.36062445840513924,1.3128615904030232,0.25,0.32,0.28,0.33,0.25,0.29,0.29
2.643535715870145,0.58,0.0,1.0492594791306173,0.36062445840513924,1.3387888390465301,0.28,0.28,0.28,0.3,0.25,0.29,0.31
8.297709935397249,1.0251385715643964,1.0492594791306173,5.08909090909091,2.537088524631764,5.420272878814137,1.4713753615394864,1.1336826556123911,1.0763955001426162,1.236196512768831,0.8593073320466263,1.2150907186483875,1.4201184329612668
2.851554578385887,0.36062445840513924,0.36062445840513924,2.5370885246317636,0.7299999999999998,1.8866666666666667,0.5232590180780452,0.3464823227814083,0.29698484809834996,0.41012193308819755,0.3040559159102154,0.38890872965260115,0.5020458146424487
11.85532169122384,1.3128615904030232,1.3387888390465301,5.420272878814137,1.8866666666666667,8.901111111111115,1.336431816442575,1.4024284493533192,1.1808683245815346,1.8738329701443512,1.2751492287397408,2.335809400519562,2.4135911464500825
2.1043070375085735,0.25,0.28,1.4713753615394864,0.5232590180780452,1.336431816442575,0.0,0.27,0.25,0.29,0.22,0.27,0.39
2.252266126083395,0.32,0.28,1.1336826556123911,0.3464823227814083,1.4024284493533192,0.27,0.0,0.5,0.33,0.23,0.35,0.32
1.8889443641385546,0.28,0.28,1.0763955001426162,0.29698484809834996,1.1808683245815346,0.25,0.5,0.0,0.3,0.18,0.26,0.26
2.6698395538390027,0.33,0.3,1.236196512768831,0.41012193308819755,1.8738329701443512,0.29,0.33,0.3,0.0,0.33,0.43,0.47
2.0566313311900197,0.25,0.25,0.8593073320466263,0.3040559159102154,1.2751492287397408,0.22,0.23,0.18,0.33,0.0,0.3,0.29
2.8671183386054304,0.29,0.29,1.2150907186483875,0.38890872965260115,2.335809400519562,0.27,0.35,0.26,0.43,0.3,0.0,0.55
2.875338287970699,0.29,0.31,1.4201184329612668,0.5020458146424487,2.4135911464500825,0.39,0.32,0.26,0.47,0.29,0.55,0.0
