1,2,3,4,5,6,7,8,9,10,11,12,13
0.48971559896581446,0.515593220338983,0.3316949152542373,0.3513559322033898,0.3554237288135593,0.3469491525423728,0.3911864406779663,0.4866101694915252,0.456101694915254,0.3466440677966103,0.35711864406779664,0.5627118644067797,0.3220338983050846
0.515593220338983,1.0,0.5,0.55,0.54,0.54,0.59,0.61,0.55,0.34600000000000003,0.45,0.57,0.35
0.3316949152542373,0.5,1.0,0.53,0.5,0.52,0.54,0.35,0.37,0.22600000000000003,0.2833333333333333,0.35,0.23
0.3513559322033898,0.55,0.53,1.0,0.58,0.52,0.6,0.39,0.39,0.22200000000000003,0.30666666666666664,0.4,0.22
0.3554237288135593,0.54,0.5,0.58,1.0,0.51,0.62,0.44,0.39,0.24999999999999997,0.2866666666666667,0.38,0.21
0.3469491525423728,0.54,0.52,0.52,0.51,1.0,0.58,0.38,0.33,0.252,0.3233333333333333,0.36,0.25
0.3911864406779663,0.59,0.54,0.6,0.62,0.58,1.0,0.46,0.4,0.28200000000000003,0.31666666666666665,0.39,0.25
0.4866101694915252,0.61,0.35,0.39,0.44,0.38,0.46,1.0,0.56,0.34600000000000003,0.45,0.58,0.3
0.456101694915254,0.55,0.37,0.39,0.39,0.33,0.4,0.56,1.0,0.312,0.4066666666666666,0.52,0.27
0.34664406779661006,0.34600000000000003,0.22600000000000003,0.22200000000000003,0.24999999999999997,0.252,0.28200000000000003,0.34600000000000003,0.312,0.7584000000000002,0.2713333333333333,0.41600000000000004,0.21600000000000003
0.3571186440677966,0.45,0.2833333333333333,0.30666666666666664,0.2866666666666667,0.3233333333333333,0.31666666666666665,0.45,0.4066666666666666,0.2713333333333333,0.7555555555555555,0.38666666666666666,0.2333333333333333
0.5627118644067797,0.57,0.35,0.4,0.38,0.36,0.39,0.58,0.52,0.41600000000000004,0.38666666666666666,1.0,0.39
0.32203389830508483,0.35,0.23,0.22,0.21,0.25,0.25,0.3,0.27,0.21600000000000003,0.2333333333333333,0.39,1.0
