1,2,3,4,5,6,7,8,9,10,11,12,13
24.74535714285714,2.5095830615576653,2.6579130508190603,2.810251958709143,3.2806317444750093,3.709721302585565,7.307590506990464,3.8769705818921483,5.918304987796035,3.398226690916476,3.7897644103181776,3.2539056202837657,5.890530384802858
2.5095830615576653,0.0,0.53,0.57,0.37,0.31819805153394637,0.675,0.41012193308819755,0.5600297611139371,0.26,0.37,0.33,0.5080682368868707
2.6579130508190603,0.53,0.0,0.61,0.39,0.28991378028648446,0.7150000000000001,0.3959797974644666,0.6177647880328997,0.34,0.42,0.34,0.5484827557301446
2.810251958709143,0.57,0.61,0.0,0.37,0.3252691193458118,0.7450000000000001,0.4596194077712559,0.6697263122599659,0.31,0.43,0.34,0.5196152422706632
3.2806317444750093,0.37,0.39,0.37,0.0,0.4384062043356594,1.0050000000000001,0.551543289325507,0.9295339333952977,0.44,0.6,0.42,0.7563288526384099
3.7097213025855647,0.31819805153394637,0.28991378028648446,0.3252691193458118,0.4384062043356594,0.7299999999999998,1.0288403666264265,0.7849999999999999,0.7593418202627853,0.4454772721475249,0.5374011537017761,0.45254833995939037,0.7879192005952557
7.307590506990464,0.675,0.7150000000000001,0.7450000000000001,1.0050000000000001,1.0288403666264267,1.965,1.1631906550518707,1.7378243102607738,1.04,1.22,1.1300000000000001,1.7609183210283588
3.8769705818921487,0.41012193308819755,0.3959797974644666,0.4596194077712559,0.551543289325507,0.7849999999999998,1.1631906550518705,0.6899999999999998,0.98387838001791,0.5232590180780451,0.7000357133746821,0.5232590180780451,0.9226411364483305
5.918304987796035,0.5600297611139371,0.6177647880328997,0.6697263122599659,0.9295339333952977,0.7593418202627854,1.7378243102607738,0.98387838001791,1.4733333333333338,0.7505553499465136,0.9988159656980528,0.7563288526384099,1.3366666666666671
3.398226690916476,0.26,0.34,0.31,0.44,0.4454772721475249,1.04,0.5232590180780451,0.7505553499465136,0.0,0.52,0.44,0.9757219549304676
3.7897644103181776,0.37,0.42,0.43,0.6,0.5374011537017761,1.22,0.7000357133746821,0.9988159656980528,0.52,0.0,0.54,0.9526279441628825
3.2539056202837657,0.33,0.34,0.34,0.42,0.45254833995939037,1.1300000000000001,0.5232590180780451,0.7563288526384099,0.44,0.54,0.0,0.8082903768654761
5.890530384802859,0.5080682368868707,0.5484827557301446,0.5196152422706632,0.7563288526384099,0.7879192005952558,1.7609183210283588,0.9226411364483305,1.336666666666667,0.9757219549304676,0.9526279441628827,0.8082903768654761,1.346666666666667
