1,2,3,4,5,6,7,8,9,10,11,12,13
26.798666666666662,3.9736809132088107,2.8492247483599207,3.409516339111263,3.697408101179348,4.656238885147059,3.7025720789742915,2.638792653215984,3.6380223565375007,2.619427736484948,2.4464344803543496,7.195357560029015,3.625112412050144
3.9736809132088107,0.0,0.54,0.52,0.61,0.6119912853410034,0.62,0.39,0.55,0.38,0.35,1.005,0.49
2.8492247483599207,0.54,0.0,0.36,0.44,0.43878620458411566,0.38,0.25,0.37,0.23,0.21,0.645,0.35
3.409516339111263,0.52,0.36,0.0,0.49,0.7967433714816836,0.48,0.43,0.46,0.37,0.28,0.9249999999999999,0.45
3.697408101179348,0.61,0.44,0.49,0.0,0.6062177826491072,0.6,0.38,0.58,0.35,0.3,0.96,0.5
4.656238885147062,0.6119912853410034,0.43878620458411566,0.7967433714816836,0.6062177826491072,1.4600000000000004,0.6466323014923809,0.7101408311032398,0.6812733176437584,0.5484827557301446,0.357957166897568,1.2095488139522663,0.6177647880328997
3.7025720789742915,0.62,0.38,0.48,0.6,0.6466323014923809,0.0,0.41,0.57,0.37,0.29,0.99,0.54
2.638792653215984,0.39,0.25,0.43,0.38,0.7101408311032398,0.41,0.0,0.41,0.29,0.22,0.7350000000000001,0.39
3.6380223565375007,0.55,0.37,0.46,0.58,0.6812733176437584,0.57,0.41,0.0,0.37,0.3,1.1099999999999999,0.55
2.619427736484948,0.38,0.23,0.37,0.35,0.5484827557301446,0.37,0.29,0.37,0.0,0.22,1.085,0.52
2.4464344803543496,0.35,0.21,0.28,0.3,0.357957166897568,0.29,0.22,0.3,0.22,0.0,0.61,0.29
7.195357560029016,1.005,0.645,0.9249999999999999,0.96,1.2095488139522663,0.99,0.7350000000000001,1.1099999999999999,1.085,0.61,2.13,1.4
3.625112412050142,0.49,0.35,0.45,0.5,0.6177647880328997,0.54,0.39,0.55,0.52,0.29,1.4,0.0
