1,2,3,4,5,6,7,8,9,10,11,12,13
3.831428571428571,7.469358232065311,1.5950100760989387,1.5042986025767242,1.7528860555693642,1.084758037536482,0.8504200642707612,0.8979977728257459,0.8353014853503921,0.9751483403638062,0.9675890509036217,1.111215550647128,0.706793564527255
7.469358232065311,26.1622641509434,2.508203897703061,2.487599813110758,6.216720100264404,3.152424942622413,2.7114975323471207,3.6928288486823186,3.0301740407080815,3.520551254004901,3.4175308310433823,4.138673791774,2.861220547051193
1.5950100760989387,2.508203897703061,0.0,0.52,0.5266402946983834,0.39,0.27,0.31819805153394637,0.28,0.33,0.34,0.36,0.23
1.5042986025767242,2.487599813110758,0.52,0.0,0.6042074698865173,0.34,0.32,0.31112698372208086,0.28,0.3,0.29,0.38,0.25
1.7528860555693644,6.2167201002644035,0.5266402946983834,0.6042074698865173,3.450000000000001,0.6327848502189878,0.6001249869818788,0.6293117934166921,0.7021870595978446,0.7715892689767011,0.7430118886442308,0.8083316151184489,0.5429702263169379
1.084758037536482,3.152424942622413,0.39,0.34,0.6327848502189878,0.0,0.41,0.38183766184073564,0.31,0.42,0.39,0.45,0.33
0.8504200642707612,2.7114975323471207,0.27,0.32,0.6001249869818788,0.41,0.0,0.3464823227814083,0.27,0.33,0.3,0.4,0.25
0.8979977728257458,3.6928288486823173,0.31819805153394637,0.31112698372208086,0.6293117934166921,0.38183766184073564,0.3464823227814083,0.7499999999999999,0.42426406871192845,0.43133513652379396,0.4454772721475249,0.6576093065034891,0.5020458146424487
0.8353014853503921,3.0301740407080815,0.28,0.28,0.7021870595978446,0.31,0.27,0.42426406871192845,0.0,0.56,0.43,0.48,0.33
0.9751483403638062,3.520551254004901,0.33,0.3,0.7715892689767011,0.42,0.33,0.43133513652379396,0.56,0.0,0.53,0.57,0.34
0.9675890509036217,3.4175308310433823,0.34,0.29,0.7430118886442308,0.39,0.3,0.4454772721475249,0.43,0.53,0.0,0.57,0.37
1.111215550647128,4.138673791774,0.36,0.38,0.8083316151184489,0.45,0.4,0.6576093065034891,0.48,0.57,0.57,0.0,0.48
0.7067935645272548,2.861220547051192,0.23,0.25,0.5429702263169379,0.33,0.25,0.5020458146424487,0.33,0.34,0.37,0.48,0.0
