1,2,3,4,5,6,7,8,9,10,11,12,13
4.254999999999999,7.657589070351735,1.8066578259316288,1.021769298814561,0.7353910524340095,1.4982712260023774,1.2949999999999997,1.1349063838044087,0.6752869760331529,1.248043468794256,1.2249999999999999,0.8697413408594534,1.0040916292848974
7.657589070351736,25.948518518518515,2.7325418908381223,3.3176977738363265,2.4957578823690847,5.184664054500033,3.882680560300233,3.097243696985841,2.732541890838123,3.8946886910252534,3.983716857408418,2.9557176229583684,3.3830175003105456
1.8066578259316288,2.7325418908381223,0.0,0.37,0.29,0.5658032638058333,0.47376154339498683,0.39,0.25,0.45,0.4384062043356594,0.31,0.35
1.021769298814561,3.3176977738363265,0.37,0.0,0.43,0.9468544414709863,0.6576093065034891,0.39,0.37,0.59,0.5020458146424487,0.37,0.41
0.7353910524340095,2.4957578823690847,0.29,0.43,0.0,1.1547005383792517,0.4879036790187178,0.26,0.3,0.38,0.3676955262170047,0.28,0.28
1.4982712260023776,5.18466405450003,0.5658032638058333,0.9468544414709863,1.1547005383792517,1.3666666666666671,1.1716725936312868,0.5658032638058333,0.6177647880328997,0.7967433714816836,0.7470943715488694,0.5831237718815221,0.6350852961085884
1.295,3.882680560300232,0.47376154339498683,0.6576093065034891,0.4879036790187178,1.1716725936312868,0.6899999999999998,0.5161879502661796,0.417193000900063,0.7000357133746821,0.6049999999999999,0.4596194077712559,0.5232590180780451
1.1349063838044087,3.097243696985841,0.39,0.39,0.26,0.5658032638058333,0.5161879502661796,0.0,0.33,0.55,0.4596194077712559,0.31,0.39
0.6752869760331529,2.732541890838123,0.25,0.37,0.3,0.6177647880328997,0.417193000900063,0.33,0.0,0.43,0.38183766184073564,0.32,0.32
1.248043468794256,3.8946886910252534,0.45,0.59,0.38,0.7967433714816836,0.7000357133746821,0.55,0.43,0.0,0.6222539674441618,0.47,0.54
1.2249999999999996,3.9837168574084174,0.4384062043356594,0.5020458146424487,0.3676955262170047,0.7470943715488694,0.6049999999999999,0.4596194077712559,0.38183766184073564,0.6222539674441618,0.7099999999999999,0.8485281374238569,0.6010407640085653
0.8697413408594534,2.9557176229583684,0.31,0.37,0.28,0.5831237718815221,0.4596194077712559,0.31,0.32,0.47,0.8485281374238569,0.0,0.43
1.0040916292848974,3.383017500310544,0.35,0.41,0.28,0.6350852961085884,0.5232590180780451,0.39,0.32,0.54,0.6010407640085653,0.43,0.0
