1,2,3,4,5,6,7,8,9,10,11,12,13
3.7857142857142847,7.162406146902506,1.4816207341961707,1.3682313922934026,0.9638094061735294,0.9902669192841753,0.5291502622129182,0.6727767619564244,0.8428607748105766,1.3725905295843923,1.1331876657086792,0.9902669192841753,1.1064615415174368
7.162406146902506,25.349615384615397,2.4892171305607165,5.228742724668066,3.0896800929745267,3.593070521048922,2.1619440147878306,2.8386782541826103,3.229741892521397,4.925542011044481,4.462622655069378,3.8399121083691505,4.811709375615346
1.4816207341961707,2.4892171305607165,0.0,0.51,0.33,0.32,0.2,0.24,0.33,0.5022947341949745,0.40305086527633205,0.36,0.4101219330881975
1.3682313922934024,5.228742724668066,0.51,2.12,0.7649999999999999,0.65,0.295,0.46499999999999997,0.61,0.9324206847412458,0.7495331880577403,0.68,0.8308504678941934
0.9638094061735294,3.0896800929745267,0.33,0.7649999999999999,0.0,0.45,0.16,0.24,0.36,0.5831237718815222,0.49497474683058323,0.4,0.4666904755831213
0.9902669192841753,3.593070521048922,0.32,0.65,0.45,0.0,0.25,0.37,0.42,0.6119912853410034,0.5727564927611034,0.51,0.6151828996322963
0.5291502622129182,2.1619440147878306,0.2,0.295,0.16,0.25,0.0,0.75,0.23,0.36373066958946426,0.47376154339498683,0.41,0.6929646455628165
0.6727767619564244,2.8386782541826103,0.24,0.46499999999999997,0.24,0.37,0.75,0.0,0.3,0.5196152422706632,0.6151828996322962,0.49,0.8909545442950498
0.8428607748105766,3.229741892521397,0.33,0.61,0.36,0.42,0.23,0.3,0.0,0.6985938257194473,0.5444722215136415,0.46,0.5868986283848344
1.372590529584392,4.925542011044481,0.5022947341949745,0.9324206847412457,0.5831237718815222,0.6119912853410034,0.36373066958946426,0.5196152422706632,0.6985938257194473,1.2733333333333334,0.9103936877344146,0.7505553499465135,0.89406375611586
1.1331876657086792,4.462622655069379,0.40305086527633205,0.7495331880577403,0.49497474683058323,0.5727564927611034,0.47376154339498683,0.6151828996322962,0.5444722215136415,0.9103936877344145,0.7599999999999999,0.7707463914933367,0.9999999999999998
0.9902669192841753,3.8399121083691505,0.36,0.68,0.4,0.51,0.41,0.49,0.46,0.7505553499465135,0.7707463914933367,0.0,0.8061017305526641
1.1064615415174368,4.811709375615345,0.4101219330881975,0.8308504678941933,0.4666904755831213,0.6151828996322963,0.6929646455628165,0.8909545442950498,0.5868986283848344,0.8940637561158601,0.9999999999999998,0.8061017305526641,0.8099999999999999
