1,2,3,4,5,6,7,8,9,10,11,12,13
0.6836734693877551,0.36203296703296706,0.5599999999999999,0.40428571428571425,0.3971428571428572,0.25,0.3407142857142857,0.3742857142857143,0.27428571428571424,0.4,0.31214285714285717,0.36761904761904757,0.32857142857142857
0.362032967032967,0.4896893491124262,0.3338461538461538,0.459423076923077,0.4548076923076923,0.371346153846154,0.38759615384615387,0.49480769230769234,0.2975000000000001,0.5261538461538461,0.4015865384615385,0.5126923076923077,0.4965384615384617
0.5599999999999999,0.3338461538461538,1.0,0.37,0.33,0.24,0.345,0.35,0.28,0.35,0.29250000000000004,0.3633333333333333,0.3
0.40428571428571425,0.459423076923077,0.37,1.0,0.52,0.33,0.47,0.51,0.35,0.54,0.3975,0.4666666666666667,0.43
0.3971428571428572,0.4548076923076923,0.33,0.52,1.0,0.315,0.43999999999999995,0.49,0.34,0.51,0.3775,0.4633333333333333,0.44
0.24999999999999997,0.3713461538461539,0.24,0.33,0.315,0.855,0.2875,0.395,0.225,0.35,0.27625000000000005,0.30666666666666664,0.33
0.3407142857142857,0.38759615384615387,0.345,0.47,0.43999999999999995,0.2875,0.8400000000000001,0.425,0.61,0.395,0.31625000000000003,0.3983333333333334,0.365
0.3742857142857143,0.49480769230769234,0.35,0.51,0.49,0.395,0.425,1.0,0.34,0.51,0.38,0.4933333333333333,0.55
0.27428571428571424,0.2975000000000001,0.28,0.35,0.34,0.225,0.61,0.34,1.0,0.31,0.22999999999999998,0.3,0.3
0.4,0.5261538461538461,0.35,0.54,0.51,0.35,0.395,0.51,0.31,1.0,0.6125,0.59,0.51
0.31214285714285717,0.40158653846153863,0.29250000000000004,0.3975,0.3775,0.27625,0.31625000000000003,0.38,0.22999999999999998,0.6125,0.69875,0.4516666666666666,0.395
0.3676190476190476,0.5126923076923077,0.3633333333333333,0.4666666666666667,0.4633333333333333,0.30666666666666664,0.3983333333333333,0.4933333333333333,0.3,0.59,0.45166666666666666,0.8333333333333331,0.5033333333333333
0.3285714285714285,0.49653846153846154,0.3,0.43,0.44,0.33,0.365,0.55,0.3,0.51,0.395,0.5033333333333333,1.0
