1,2,3,4,5,6,7,8,9,10,11,12,13
16.470810810810807,2.4232410728809675,2.6484676854893063,4.937695098209578,1.920180171726573,11.097743858998385,4.281400534934864,2.682991472823431,2.855610409494056,2.9427418727658954,2.0401914324594843,6.967419186171456,2.62709581713961
2.4232410728809675,0.0,0.64,0.5715476066494083,0.23,1.3533487877027384,0.5232590180780452,0.38,0.33,0.35,0.23,0.8844368668415917,0.32
2.6484676854893063,0.64,0.0,0.7062695425024831,0.29,1.4600644627187247,0.5586143571373725,0.39,0.4,0.39,0.25,0.9524704719832526,0.34
4.937695098209579,0.5715476066494083,0.7062695425024831,3.543333333333335,1.6044157815229816,3.313033678799952,1.38852739740105,0.6368673331236264,0.7470943715488693,0.8614038928787511,0.7389294057395921,2.0306320855011295,0.6981045766932059
1.920180171726573,0.23,0.29,1.6044157815229816,0.0,1.3024163064451084,0.5232590180780452,0.26,0.31,0.34,0.3,0.7975050380494695,0.29
11.097743858998388,1.3533487877027384,1.4600644627187247,3.313033678799954,1.3024163064451084,9.23764705882353,3.1349941364050617,1.6540929627477914,1.9087553690359411,2.306513794095527,1.6856225940025147,5.991541376576389,2.4520351691173263
4.281400534934864,0.5232590180780452,0.5586143571373725,1.3885273974010501,0.5232590180780452,3.1349941364050617,0.7399999999999999,0.6293250352560272,0.7212489168102785,0.8273149339882605,0.5868986283848344,1.9616975156371945,0.7071067811865475
2.682991472823431,0.38,0.39,0.6368673331236264,0.26,1.6540929627477914,0.6293250352560272,0.0,0.47,0.42,0.33,1.0318430113151902,0.38
2.855610409494056,0.33,0.4,0.7470943715488693,0.31,1.9087553690359411,0.7212489168102785,0.47,0.0,0.45,0.32,1.1565712874082354,0.42
2.9427418727658954,0.35,0.39,0.8614038928787511,0.34,2.306513794095527,0.8273149339882605,0.42,0.45,0.0,0.44,1.406027839594325,0.56
2.0401914324594843,0.23,0.25,0.7389294057395921,0.3,1.6856225940025147,0.5868986283848344,0.33,0.32,0.44,0.0,0.8693182879212226,0.34
6.967419186171455,0.8844368668415917,0.9524704719832526,2.0306320855011295,0.7975050380494695,5.9915413765763885,1.9616975156371945,1.0318430113151902,1.1565712874082354,1.406027839594325,0.8693182879212226,3.808571428571428,1.78021266787346
2.627095817139609,0.32,0.34,0.6981045766932059,0.29,2.4520351691173268,0.7071067811865475,0.38,0.42,0.56,0.34,1.7802126678734602,0.0
