1,2,3,4,5,6,7,8,9,10,11,12,13
17.631578947368414,2.248388896872369,2.4008770327352864,2.4203436032709766,4.5059143395195305,2.902141224029341,5.208005549585299,12.462943099144791,4.137512760355581,2.089411904164222,3.1584510694159467,3.1795398541629454,2.8648302971692665
2.248388896872369,0.0,0.53,0.5,0.5080682368868707,0.37,0.6009635120846712,1.3535528298363142,0.4242640687119285,0.18,0.36,0.37,0.3
2.4008770327352864,0.53,0.0,0.58,0.513841739578767,0.39,0.5896245778943945,1.4292600220135996,0.4808326112068523,0.23,0.39,0.34,0.32
2.4203436032709766,0.5,0.58,0.0,0.5773502691896258,0.39,0.6765564066865167,1.4040242912878376,0.4808326112068523,0.23,0.38,0.35,0.31
4.5059143395195305,0.5080682368868707,0.513841739578767,0.5773502691896258,1.1933333333333336,0.7563288526384098,2.210547228090603,3.2000701746691464,1.0369506577782122,0.6350852961085884,0.825610884941165,0.7736493607140986,0.8140638795573724
2.902141224029341,0.37,0.39,0.39,0.7563288526384098,0.0,0.820182906430023,1.865149916367667,0.7353910524340094,0.33,0.51,0.48,0.46
5.2080055495853,0.6009635120846712,0.5896245778943945,0.6765564066865167,2.210547228090603,0.820182906430023,4.159999999999999,3.724237319106095,1.1786220768337914,0.7975050380494694,0.9260129588726067,0.9260129588726066,0.9524704719832525
12.462943099144786,1.3535528298363142,1.4292600220135996,1.4040242912878376,3.2000701746691456,1.865149916367667,3.7242373191060953,9.767368421052629,2.6312314507409678,1.7687953081420307,2.5396321739471186,2.4226301496731324,2.1152130662865787
4.137512760355583,0.4242640687119285,0.4808326112068523,0.4808326112068523,1.0369506577782122,0.7353910524340094,1.1786220768337914,2.6312314507409673,0.7499999999999999,0.4454772721475249,0.6858935777509511,0.6434671708797581,0.67175144212722
2.089411904164222,0.18,0.23,0.23,0.6350852961085884,0.33,0.7975050380494694,1.7687953081420307,0.4454772721475249,0.0,0.4,0.32,0.39
3.1584510694159467,0.36,0.39,0.38,0.825610884941165,0.51,0.9260129588726067,2.5396321739471186,0.6858935777509511,0.4,0.0,0.61,0.56
3.1795398541629454,0.37,0.34,0.35,0.7736493607140986,0.48,0.9260129588726066,2.4226301496731324,0.6434671708797581,0.32,0.61,0.0,0.5
2.864830297169266,0.3,0.32,0.31,0.8140638795573725,0.46,0.9524704719832526,2.115213066286579,0.67175144212722,0.39,0.56,0.5,0.0
