1,2,3,4,5,6,7,8,9,10,11,12,13
18.84731707317073,2.2473404335770413,2.4238167845111653,2.362909017374609,3.0953639606321723,2.9782336392157167,5.008443650963644,13.217793347439267,2.3129334135702564,3.015715342068982,1.8975112069465627,2.7283556201939474,4.433825771905088
2.2473404335770413,0.0,0.53,0.52,0.38,0.35,0.509823498869952,1.4467359814423637,0.26,0.26,0.16,0.28,0.49497474683058323
2.4238167845111653,0.53,0.0,0.52,0.43,0.39,0.5008792269599529,1.500401612902359,0.23,0.34,0.2,0.29,0.4666904755831213
2.362909017374609,0.52,0.52,0.0,0.38,0.37,0.563489130329947,1.5115819527898575,0.25,0.3,0.2,0.33,0.4737615433949868
3.0953639606321723,0.38,0.43,0.38,0.0,0.55,0.755790976394929,2.1220285106473007,0.35,0.47,0.25,0.46,0.6717514421272202
2.9782336392157167,0.35,0.39,0.37,0.55,0.0,0.7289581606649315,2.0795432190748047,0.32,0.49,0.22,0.44,0.6363961030678927
5.008443650963645,0.509823498869952,0.5008792269599529,0.563489130329947,0.755790976394929,0.7289581606649315,2.8320000000000003,3.2289999999999996,0.8631222393149188,0.7155417527999327,0.32646592471496927,0.6887089370699353,1.0245779618945547
13.21779334743927,1.4467359814423637,1.500401612902359,1.5115819527898575,2.1220285106473007,2.0795432190748047,3.229,9.628,1.5071098168348585,2.0907235589623037,1.4355556415548647,2.003516907839811,3.554400090029258
2.3129334135702564,0.26,0.23,0.25,0.35,0.32,0.8631222393149188,1.5071098168348585,0.0,0.36,0.12,0.29,0.4596194077712559
3.015715342068982,0.26,0.34,0.3,0.47,0.49,0.7155417527999327,2.0907235589623037,0.36,0.0,0.29,0.49,0.6505382386916236
1.8975112069465627,0.16,0.2,0.2,0.25,0.22,0.32646592471496927,1.4355556415548647,0.12,0.29,0.0,0.23,0.6293250352560272
2.7283556201939474,0.28,0.29,0.33,0.46,0.44,0.6887089370699353,2.003516907839811,0.29,0.49,0.23,0.0,0.6151828996322962
4.433825771905088,0.4949747468305833,0.4666904755831213,0.4737615433949868,0.6717514421272202,0.6363961030678926,1.024577961894555,3.554400090029258,0.4596194077712559,0.6505382386916236,0.6293250352560272,0.6151828996322963,0.7399999999999999
