1,2,3,4,5,6,7,8,9,10,11,12,13
3.7914285714285705,5.314333020213867,1.432485352704971,1.7008401285415222,1.1263341295674971,1.2700281211734759,1.5122499793354274,1.7675649109115383,4.964146673679395,1.0053854982045445,1.054520879695744,0.8277421958902075,1.1839673016720398
5.314333020213868,12.054814814814819,1.6608442743688234,1.8763883748662835,2.446040640466715,3.5888888888888895,3.8744444444444452,4.243333333333335,11.334470537465455,2.5287941790505606,2.363287101882868,1.8417473587149062,2.925779414991019
1.432485352704971,1.6608442743688234,0.0,0.57,0.35,0.39259818304894556,0.45033320996790815,0.5715767664977296,1.6120746308358733,0.28,0.35,0.28,0.3676955262170047
1.7008401285415222,1.8763883748662835,0.57,0.0,0.39,0.4272391992003231,0.4965212315030782,0.6408587988004847,1.7238608278646381,0.34,0.38,0.3,0.417193000900063
1.1263341295674971,2.446040640466715,0.35,0.39,0.0,0.5888972745734183,0.7563288526384099,0.84870489570875,2.292597619765372,0.5,0.47,0.37,0.5444722215136415
1.2700281211734756,3.58888888888889,0.39259818304894556,0.4272391992003231,0.5888972745734183,1.4133333333333338,1.0566666666666669,1.1433333333333338,2.8544704030785266,0.5542562584220408,0.6062177826491072,0.5080682368868707,0.6981045766932058
1.5122499793354272,3.8744444444444452,0.45033320996790815,0.4965212315030782,0.7563288526384099,1.056666666666667,1.2866666666666668,1.4900000000000004,4.238112938803223,0.7332348418708249,0.9410809387790902,0.6870468203356548,1.0083732774457417
1.7675649109115383,4.243333333333335,0.5715767664977296,0.6408587988004847,0.84870489570875,1.1433333333333338,1.4900000000000004,1.286666666666667,4.636674454822121,0.8429313930168537,0.9872689603142603,0.8544783984006463,1.139012730394178
4.964146673679395,11.334470537465453,1.6120746308358733,1.7238608278646381,2.292597619765372,2.8544704030785266,4.238112938803223,4.636674454822121,13.910000000000002,2.271024844900171,2.861334411666105,2.25925787679188,3.9619461515386987
1.0053854982045445,2.5287941790505606,0.28,0.34,0.5,0.5542562584220408,0.7332348418708249,0.8429313930168537,2.271024844900171,0.0,0.45,0.34,0.6151828996322962
1.054520879695744,2.363287101882868,0.35,0.38,0.47,0.6062177826491072,0.9410809387790902,0.9872689603142603,2.861334411666105,0.45,0.0,0.61,0.7424621202458749
0.8277421958902075,1.8417473587149062,0.28,0.3,0.37,0.5080682368868707,0.6870468203356548,0.8544783984006463,2.25925787679188,0.34,0.61,0.0,0.565685424949238
1.1839673016720398,2.925779414991018,0.3676955262170047,0.41719300090006295,0.5444722215136415,0.6981045766932058,1.0083732774457417,1.1390127303941777,3.9619461515386996,0.6151828996322963,0.7424621202458749,0.565685424949238,0.8099999999999999
