1,2,3,4,5,6,7,8,9,10,11,12,13
19.78744186046512,3.153670434478263,7.59268548925143,3.071321206498657,8.29829284368787,2.0968553420733147,2.74649925169021,1.9275819290041236,2.8318984510764684,7.574843335039187,4.607694398982923,3.1460455059616343,2.9767720928924426
3.153670434478263,0.0,1.2723778741181626,0.55,1.3568924581031256,0.37,0.46,0.31,0.44,1.1349302474895393,0.7071067811865475,0.42,0.4
7.592685489251429,1.2723778741181626,5.63090909090909,1.1879546976363888,3.404002418849385,0.8472468782635159,1.1005164077088372,0.7718690421190749,1.1306675421666135,2.8052550794189934,1.8207341176769132,1.230166285877276,1.0432292522390623
3.071321206498657,0.55,1.1879546976363888,0.0,1.3077570766119262,0.35,0.44,0.3,0.42,1.0859404526338756,0.6858935777509511,0.43,0.37
8.298292843687868,1.3568924581031256,3.4040024188493856,1.3077570766119262,3.802857142857142,0.7672678802087312,1.3909092606739561,1.2472827609304498,1.5042986025767244,3.3838724646686758,2.057911562725667,1.2964181424216492,1.1981473794392503
2.0968553420733147,0.37,0.8472468782635159,0.35,0.7672678802087312,0.0,0.3,0.18,0.27,0.6531972647421809,0.41012193308819755,0.3,0.26
2.74649925169021,0.46,1.1005164077088372,0.44,1.3909092606739561,0.3,0.0,0.33,0.48,1.0369506577782122,0.6434671708797581,0.45,0.4
1.9275819290041236,0.31,0.7718690421190749,0.3,1.2472827609304498,0.18,0.33,0.0,0.35,0.8328265125462807,0.4808326112068523,0.3,0.26
2.8318984510764684,0.44,1.1306675421666135,0.42,1.5042986025767244,0.27,0.48,0.35,0.0,1.2084149397730346,0.700035713374682,0.47,0.43
7.574843335039188,1.1349302474895393,2.805255079418993,1.0859404526338756,3.3838724646686758,0.6531972647421809,1.0369506577782122,0.8328265125462807,1.2084149397730346,3.2866666666666675,1.9427836558230906,1.1880025252498414,1.347219358530748
4.6076943989829235,0.7071067811865475,1.8207341176769127,0.6858935777509511,2.057911562725667,0.41012193308819755,0.6434671708797581,0.4808326112068523,0.700035713374682,1.9427836558230904,0.5399999999999999,0.8697413408594533,0.6858935777509511
3.1460455059616343,0.42,1.230166285877276,0.43,1.2964181424216492,0.3,0.45,0.3,0.47,1.1880025252498414,0.8697413408594533,0.0,0.48
2.9767720928924435,0.4,1.0432292522390623,0.37,1.1981473794392503,0.26,0.4,0.26,0.43,1.3472193585307481,0.6858935777509511,0.48,0.0
