1,2,3,4,5,6,7,8,9,10,11,12,13
0.5059833795013849,0.37982456140350884,0.39456140350877206,0.49824561403508766,0.33518796992481203,0.3646783625730994,0.35350877192982455,0.4296491228070176,0.3691228070175439,0.5405263157894737,0.32140350877192986,0.32912280701754393,0.4685964912280702
0.37982456140350884,1.0,0.62,0.43,0.23285714285714285,0.3033333333333333,0.25,0.38,0.23,0.43,0.2,0.21,0.34
0.39456140350877206,0.62,1.0,0.41,0.24714285714285714,0.31666666666666665,0.28,0.4,0.22,0.43,0.2,0.25,0.34
0.49824561403508766,0.43,0.41,1.0,0.34285714285714286,0.45,0.38,0.55,0.35,0.61,0.25,0.3,0.43
0.33518796992481203,0.23285714285714285,0.24714285714285714,0.34285714285714286,0.7371428571428571,0.26999999999999996,0.3814285714285714,0.25999999999999995,0.30142857142857143,0.3828571428571429,0.1442857142857143,0.21,0.3057142857142857
0.3646783625730995,0.3033333333333333,0.31666666666666665,0.45,0.26999999999999996,0.7555555555555555,0.27666666666666667,0.4066666666666666,0.25666666666666665,0.4233333333333333,0.21666666666666667,0.2333333333333333,0.31
0.35350877192982455,0.25,0.28,0.38,0.3814285714285714,0.27666666666666667,1.0,0.32,0.29,0.45,0.12,0.22,0.35
0.4296491228070176,0.38,0.4,0.55,0.25999999999999995,0.4066666666666666,0.32,1.0,0.33,0.55,0.23,0.27,0.39
0.3691228070175439,0.23,0.22,0.35,0.30142857142857143,0.25666666666666665,0.29,0.33,1.0,0.43,0.2,0.22,0.32
0.5405263157894737,0.43,0.43,0.61,0.3828571428571429,0.4233333333333333,0.45,0.55,0.43,1.0,0.26,0.35,0.54
0.32140350877192986,0.2,0.2,0.25,0.1442857142857143,0.21666666666666667,0.12,0.23,0.2,0.26,1.0,0.15,0.27
0.32912280701754393,0.21,0.25,0.3,0.21,0.2333333333333333,0.22,0.27,0.22,0.35,0.15,1.0,0.35
0.4685964912280702,0.34,0.34,0.43,0.3057142857142857,0.30999999999999994,0.35,0.39,0.32,0.54,0.27,0.35,1.0
