1,2,3,4,5,6,7,8,9,10,11,12,13
0.44881322314049565,0.5036363636363637,0.46,0.4329090909090909,0.5425454545454543,0.4559999999999999,0.4208484848484849,0.4498181818181819,0.3434545454545453,0.39239999999999997,0.3096363636363636,0.49012121212121207,0.453090909090909
0.5036363636363637,1.0,0.6,0.55,0.59,0.5966666666666667,0.54,0.51,0.45,0.40800000000000003,0.35,0.5299999999999999,0.51
0.46,0.6,1.0,0.54,0.57,0.5599999999999999,0.49666666666666665,0.47,0.43,0.384,0.31,0.48333333333333334,0.46
0.4329090909090909,0.55,0.54,1.0,0.57,0.5399999999999999,0.51,0.44,0.41,0.372,0.27,0.47000000000000003,0.46
0.5425454545454543,0.59,0.57,0.57,1.0,0.5766666666666667,0.5366666666666666,0.57,0.36,0.4900000000000001,0.4,0.63,0.74
0.45599999999999996,0.5966666666666667,0.5599999999999999,0.5399999999999999,0.5766666666666667,0.8222222222222221,0.7,0.4633333333333333,0.43,0.41133333333333333,0.27999999999999997,0.48777777777777775,0.48999999999999994
0.42084848484848486,0.54,0.49666666666666665,0.51,0.5366666666666666,0.7,0.8422222222222222,0.45,0.38,0.40599999999999997,0.27999999999999997,0.4711111111111111,0.4733333333333333
0.4498181818181819,0.51,0.47,0.44,0.57,0.4633333333333333,0.45,1.0,0.35,0.41400000000000003,0.29,0.49333333333333335,0.52
0.3434545454545453,0.45,0.43,0.41,0.36,0.43,0.38,0.35,1.0,0.312,0.23,0.36666666666666664,0.29
0.3924,0.40800000000000003,0.384,0.372,0.4900000000000001,0.41133333333333333,0.406,0.41400000000000003,0.312,0.7424000000000001,0.25200000000000006,0.596,0.406
0.3096363636363636,0.35,0.31,0.27,0.4,0.27999999999999997,0.27999999999999997,0.29,0.23,0.25200000000000006,1.0,0.37666666666666665,0.3
0.4901212121212121,0.5299999999999999,0.48333333333333334,0.47000000000000003,0.63,0.48777777777777775,0.4711111111111111,0.49333333333333335,0.36666666666666664,0.596,0.37666666666666665,0.8600000000000001,0.49333333333333335
0.4530909090909091,0.51,0.46,0.46,0.74,0.49,0.4733333333333333,0.52,0.29,0.406,0.3,0.49333333333333335,1.0
