1,2,3,4,5,6,7,8,9,10,11,12,13
3.050000000000001,1.4125390850049662,4.340711773857338,1.4084566021003275,1.5472610208580408,1.1349302474895393,5.0848370850813085,1.9918843674604543,1.2672838408712286,0.851591647054698,1.1344932789576148,1.4260551648983757,1.6994132974516696
1.4125390850049662,0.0,1.55327789600645,0.59,0.64,0.43,1.831296940653942,0.7200138887549322,0.4384062043356594,0.31112698372208086,0.41012193308819755,0.5303300858899106,0.6062177826491072
4.340711773857337,1.55327789600645,8.580000000000002,1.5650630090262254,1.7253405460951763,2.1826029312624766,10.370868419978716,4.173152418868872,2.39,1.7266666666666668,2.22,2.8200000000000007,3.233326460473796
1.4084566021003275,0.59,1.5650630090262254,0.0,0.62,0.42,1.8487047062495117,0.7244860247099318,0.4384062043356594,0.2969848480983499,0.3889087296526011,0.5020458146424487,0.5715767664977296
1.5472610208580408,0.64,1.7253405460951763,0.62,0.0,0.43,2.0367085746816653,0.7602631123499285,0.49497474683058323,0.3040559159102154,0.42426406871192845,0.5586143571373725,0.6639528095680698
1.1349302474895393,0.43,2.1826029312624766,0.42,0.43,0.0,2.6042017330972396,1.019646997739904,0.6081118318204308,0.42426406871192845,0.5656854249492379,0.7283199846221439,0.7909698687897874
5.08483708508131,1.831296940653942,10.370868419978716,1.8487047062495117,2.0367085746816653,2.6042017330972396,15.549696969696972,6.095646732784726,3.8170671352691086,2.8040241645091997,3.5142620674599505,4.391904398142593,5.105592101516799
1.9918843674604545,0.7200138887549322,4.173152418868871,0.7244860247099318,0.7602631123499285,1.019646997739904,6.095646732784725,2.436,1.5115687215604852,0.992955185292871,1.3471302832317293,1.559002886463011,1.8719419506669182
1.2672838408712286,0.4384062043356594,2.39,0.4384062043356594,0.49497474683058323,0.6081118318204308,3.817067135269109,1.511568721560485,0.6099999999999999,0.7299999999999999,0.8799999999999999,1.045,1.2410748030101437
0.851591647054698,0.31112698372208086,1.7266666666666666,0.2969848480983499,0.3040559159102154,0.42426406871192845,2.804024164509201,0.992955185292871,0.7299999999999999,0.7499999999999999,0.7699999999999999,0.8949999999999999,1.2451572859147821
1.1344932789576148,0.41012193308819755,2.22,0.3889087296526011,0.42426406871192845,0.5656854249492379,3.51426206745995,1.3471302832317296,0.8799999999999998,0.7699999999999998,0.7599999999999999,1.1699999999999997,1.3676317730539411
1.4260551648983757,0.5303300858899106,2.8199999999999994,0.5020458146424487,0.5586143571373725,0.7283199846221439,4.391904398142591,1.5590028864630108,1.045,0.8949999999999999,1.1699999999999997,0.7399999999999999,1.779962546422443
1.6994132974516698,0.6062177826491071,3.2333264604737955,0.5715767664977296,0.6639528095680698,0.7909698687897875,5.105592101516798,1.8719419506669184,1.241074803010144,1.2451572859147824,1.3676317730539411,1.779962546422443,1.4533333333333338
